348
340
276
312
287
291
299
275
284
275
308
280
275
284
279
292
275
284
296
280
286
275
341
276
286
272
273
304
281
294
281
279
294
288
288
291
285
276
287
298
274
282
287
288
279
274
302
275
320
374
394
411
412
433
414
457
420
429
414
441
406
441
417
466
438
433
421
406
427
407
419
468
496
523
448
450
479
447
455
420
441
415
416
449
408
404
433
415
422
404
416
413
403
403
443
422
424
426
405
411
400
400
429
403
442
438
421
434
399
402
426
404
421
410
422
446
403
403
431
410
411
439
411
407
413
400
456
413
430
455
413
425
409
430
407
425
422
437
442
412
401
435
418
407
421
406
456
409
408
416
405
423
418
398
419
419
408
494
465
425
434
386
401
379
405
404
422
448
424
431
402
431
408
440
405
431
445
414
430
412
460
477
443
504
454
466
467
446
421
432
402
425
417
425
408
434
406
428
441
401
421
418
402
419
405
406
410
422
406
400
442
405
436
395
419
403
424
408
405
426
435
431
423
411
414
404
401
482
571
518
466
418
399
366
371
409
402
433
407
424
431
402
424
407
435
420
405
413
404
414
406
427
405
418
424
404
429
442
404
404
414
401
407
422
406
422
402
439
405
417
409
433
406
416
407
428
451
409
409
420
427
407
405
454
410
418
405
438
423
472
467
514
457
471
483
473
433
412
421
398
417
444
412
431
419
426
437
406
439
431
432
427
411
400
426
419
402
417
402
425
407
402
420
401
427
423
425
408
426
408
423
420
408
403
423
403
413
443
420
402
412
402
405
490
430
421
440
402
430
404
421
403
406
441
440
405
405
418
507
453
419
427
374
389
420
389
403
439
404
440
415
418
411
437
427
453
426
406
507
465
452
420
394
396
385
389
449
412
421
404
409
422
427
426
417
435
417
485
443
456
477
463
495
492
455
446
411
425
473
406
422
413
449
401
416
415
419
471
423
441
441
403
439
433
407
402
435
431
409
430
403
467
420
407
435
414
431
398
421
421
408
422
443
416
414
401
427
404
402
446
415
423
427
408
421
404
418
407
422
404
431
516
505
514
434
445
431
546
498
472
472
454
516
498
463
457
468
460
405
278
297
312
287
358
325
285
289
306
284
307
296
288
295
281
296
305
286
279
303
279
324
285
287
287
296
295
288
349
278
295
299
322
324
295
324
310
301
422
297
312
346
299
284
303
292
302
294
309
366
321
283
305
288
331
286
312
309
284
347
359
318
292
284
294
289
284
303
272
309
331
311
317
326
280
326
292
279
311
291
296
369
313
311
295
297
284
316
279
296
282
289
331
320
309
325
279
289
298
296
298
293
293
353
356
296
281
301
315
283
293
279
322
301
301
340
283
292
292
319
290
304
317
290
302
285
314
288
296
289
293
313
320
282
311
282
303
293
319
279
286
316
280
302
304
289
291
283
303
312
296
313
279
290
311
281
291
281
285
311
317
295
287
283
293
288
296
283
300
305
279
304
329
277
324
281
305
296
322
324
349
332
423
297
309
327
330
280
296
302
278
302
351
346
317
302
317
296
297
287
332
290
311
281
407
281
322
288
288
290
309
285
313
305
301
357
297
326
292
300
283
314
306
292
307
333
306
314
282
305
299
288
290
283
294
282
329
415
299
281
314
294
303
289
292
283
308
337
305
311
282
296
291
301
308
289
306
283
317
339
311
295
334
290
303
304
290
302
288
293
421
330
281
306
282
311
296
285
297
289
330
393
281
309
289
289
284
308
316
309
301
288
368
282
328
278
303
282
303
324
308
308
294
368
345
294
300
288
286
326
281
296
365
289
319
287
288
377
286
291
285
322
319
330
299
323
338
313
293
357
319
281
302
282
301
292
278
309
290
280
275
289
290
276
292
275
298
287
297
277
302
274
289
288
278
294
297
278
284
297
289
295
279
275
283
272
280
291
282
275
323
285
277
299
276
296
277
294
288
322
275
285
295
302
276
289
274
274
290
285
282
310
288
280
299
285
295
277
291
274
278
304
287
293
299
272
304
283
287
292
280
287
298
290
291
293
275
286
289
295
286
274
310
292
281
277
285
282
282
274
305
316
275
297
295
286
279
295
274
290
283
308
304
288
285
279
274
288
275
296
276
284
297
282
294
294
284
274
293
274
276
299
301
275
289
276
300
286
275
293
269
314
272
287
300
294
287
306
291
310
280
318
296
284
312
289
318
291
290
310
283
284
275
290
272
277
297
293
285
286
276
284
301
290
277
275
297
273
296
274
292
289
282
298
287
293
276
294
305
275
291
274
293
280
295
278
337
273
288
277
284
270
275
292
291
290
283
309
295
287
273
290
275
292
287
278
286
293
291
291
282
287
271
290
290
286
293
277
289
273
284
280
304
277
313
286
284
284
274
292
282
277
292
305
289
308
276
290
275
287
273
294
293
289
288
287
282
287
291
274
286
324
275
274
304
276
280
301
288
287
276
288
304
290
275
285
292
274
286
283
319
274
288
274
286
272
284
300
284
276
292
297
307
282
291
284
275
288
294
274
291
312
280
311
312
305
281
297
285
300
290
289
283
290
303
285
280
289
275
287
291
272
288
296
282
277
303
297
278
274
291
298
282
283
277
278
286
275
297
295
276
294
289
302
282
274
283
280
284
274
291
302
292
277
309
287
275
291
277
282
276
275
297
279
278
289
275
287
272
291
272
287
274
273
324
285
274
281
296
279
293
277
292
270
289
295
276
285
286
276
289
277
286
271
286
275
283
299
288
298
285
274
288
277
280
276
292
291
274
286
297
300
302
291
291
295
274
275
285
275
313
275
287
297
289
278
275
297
288
297
293
284
275
287
271
296
280
289
299
275
290
310
274
274
288
274
330
290
287
274
288
284
279
286
281
276
281
292
279
348
299
301
283
307
311
296
287
305
287
293
288
279
284
295
280
293
279
274
276
289
317
288
283
312
279
281
301
274
274
291
274
275
286
282
292
280
272
298
310
291
273
277
293
273
289
276
296
316
286
289
273
288
276
281
292
289
290
294
315
275
283
270
275
298
301
284
274
276
283
278
283
297
275
285
295
276
286
282
294
292
275
289
291
291
271
294
273
292
285
285
297
287
287
279
292
275
279
294
272
294
274
290
274
290
271
304
284
286
310
279
289
273
290
281
277
289
276
292
405
325
290
316
295
400
330
291
297
408
361
316
312
306
281
302
282
302
309
314
286
296
332
309
311
305
296
308
282
293
297
300
316
394
336
332
328
305
327
367
319
331
377
470
291
277
296
286
298
292
304
301
308
293
307
283
300
290
280
280
326
283
306
323
347
317
290
288
303
300
280
295
295
284
325
355
313
289
284
315
287
321
282
309
301
286
305
310
317
284
301
296
300
298
286
318
284
301
309
289
295
282
298
313
302
297
279
339
283
334
335
281
291
295
300
310
295
319
293
291
401
286
301
290
310
310
334
290
300
287
301
353
349
294
288
311
320
290
305
310
296
320
287
328
306
305
322
302
300
282
304
295
296
347
311
309
301
281
315
286
306
282
301
284
413
303
289
306
300
285
313
290
334
289
325
336
304
289
326
300
374
327
319
299
323
337
295
301
320
295
298
357
304
284
317
303
388
317
289
299
289
315
296
302
317
300
310
394
304
283
321
292
290
311
324
303
337
291
377
304
302
288
302
287
297
281
296
327
290
358
283
299
288
314
313
298
298
321
321
317
353
288
300
284
301
294
308
300
308
307
358
314
317
300
304
312
282
299
289
286
322
368
318
300
301
288
311
283
343
289
301
280
321
307
295
306
291
301
307
322
289
289
322
340
365
290
297
312
290
300
288
309
340
307
332
339
302
312
293
312
288
296
288
287
328
344
308
324
300
297
306
283
290
310
286
315
359
334
298
309
337
312
339
303
341
335
361
308
313
296
346
297
310
284
301
300
323
340
376
298
302
303
293
345
299
288
316
305
313
297
288
319
331
298
301
310
293
318
295
374
309
288
319
295
317
312
294
305
293
353
297
304
295
316
286
293
317
303
294
331
375
387
297
312
294
298
327
302
291
334
288
358
316
331
301
308
293
299
362
331
317
309
306
322
296
291
303
319
321
291
318
318
330
358
300
289
315
295
334
324
291
300
316
318
352
312
305
295
325
290
307
302
328
352
300
358
294
346
295
290
305
316
298
311
300
371
357
340
298
321
308
299
297
303
314
290
320
397
289
323
294
317
299
315
319
318
355
397
342
316
312
302
308
290
314
294
340
418
349
322
289
305
310
311
306
329
306
301
406
286
312
298
336
307
287
340
297
293
329
338
318
291
306
294
293
399
311
313
317
329
311
307
310
303
297
335
307
302
307
292
407
327
294
316
287
287
312
318
288
300
294
379
295
294
320
336
298
292
309
294
294
321
346
309
295
327
308
290
303
314
307
309
318
327
320
317
292
300
322
287
285
324
299
316
360
289
305
295
310
323
312
307
284
303
347
331
294
313
312
311
299
308
299
294
303
320
331
318
286
293
295
328
314
333
342
305
298
342
292
305
309
291
310
315
353
306
319
366
374
318
326
296
312
311
350
301
308
333
326
306
297
330
350
301
297
300
304
298
394
326
290
291
299
291
285
310
308
289
309
386
396
293
339
301
294
305
307
287
324
306
328
301
349
311
298
302
301
306
310
309
311
411
304
293
312
298
310
304
288
305
288
362
368
292
313
293
306
311
300
298
324
286
329
423
358
290
286
313
288
309
287
303
296
337
344
297
301
317
304
296
305
286
320
308
355
330
312
292
307
292
327
305
289
303
288
347
382
312
292
322
302
314
292
333
289
332
344
290
292
306
289
305
299
310
306
387
313
506
294
309
293
306
291
309
310
357
357
393
336
355
314
312
340
331
316
318
322
397
329
293
317
310
328
304
298
291
314
316
342
321
288
304
287
290
332
299
311
295
320
354
320
312
311
302
292
298
345
324
322
399
306
306
308
297
342
297
287
293
305
297
309
288
294
282
292
279
282
311
300
292
283
279
300
288
305
275
283
283
318
280
292
283
288
290
284
289
277
304
278
280
296
279
298
279
288
296
303
290
279
285
278
298
277
297
275
289
279
310
286
318
287
275
285
278
288
277
286
277
284
311
282
284
293
277
282
278
291
298
276
293
275
287
287
290
278
288
275
296
275
311
275
292
297
277
303
281
318
284
287
284
278
298
282
287
291
306
333
289
303
299
291
308
306
284
315
284
292
285
287
281
275
276
289
274
289
290
276
317
274
299
286
278
289
274
283
297
273
307
277
289
275
305
285
286
281
291
287
284
315
281
290
276
298
280
299
286
283
275
288
275
325
276
296
275
292
285
298
276
298
275
281
271
314
286
287
285
273
285
294
278
298
279
292
275
284
277
286
276
291
285
291
274
287
275
313
275
278
285
275
281
276
300
283
294
276
291
304
291
282
277
283
289
283
286
297
277
286
274
292
292
276
292
276
316
273
310
296
276
290
275
288
276
276
332
295
276
297
299
285
280
285
270
275
300
295
299
276
292
273
298
284
293
274
307
286
274
276
284
279
294
277
302
332
306
295
300
303
276
324
315
288
296
293
291
287
296
284
275
278
291
275
282
287
276
299
290
284
276
276
286
290
279
286
290
297
276
316
297
276
286
275
298
281
288
274
326
274
285
281
314
277
290
274
307
277
275
284
275
294
274
290
286
305
