383
335
302
287
317
279
342
274
322
271
309
413
276
289
333
278
304
316
282
452
280
307
309
305
292
304
291
300
280
340
287
292
272
311
312
278
280
298
303
290
287
302
307
311
296
336
288
306
299
302
274
304
274
352
303
292
300
296
285
295
313
389
270
322
279
308
277
310
282
328
285
364
291
312
288
270
275
306
272
317
375
307
291
306
312
275
305
309
309
296
296
376
309
305
308
300
279
322
278
311
287
291
331
368
308
296
302
312
289
327
299
273
306
285
316
295
356
296
309
302
319
283
305
297
337
301
296
296
334
290
292
306
270
280
337
294
276
352
293
301
297
308
274
323
287
284
342
309
296
274
308
314
271
330
293
381
290
286
301
285
275
283
332
313
295
347
289
288
280
273
318
293
302
283
355
295
275
287
306
273
337
393
302
297
304
296
272
316
293
298
354
306
308
306
312
284
292
297
299
279
341
297
276
307
285
304
274
301
295
290
313
273
303
275
323
276
295
301
372
288
303
293
307
299
288
277
306
297
296
371
296
304
307
306
311
312
271
275
272
295
275
305
306
300
319
291
279
335
276
332
302
286
312
450
280
318
295
299
310
281
286
310
305
283
315
272
298
312
292
311
294
298
297
300
276
317
291
285
303
395
300
302
306
282
316
274
331
293
278
320
278
284
281
452
294
277
275
286
321
293
298
299
298
323
274
322
290
288
268
288
303
293
292
322
283
313
288
280
320
271
308
396
270
365
301
291
313
291
273
319
290
282
282
319
281
314
389
293
300
271
298
310
303
309
303
276
277
322
295
292
423
291
297
306
284
344
272
294
300
294
294
278
311
279
300
351
296
298
273
308
300
281
282
317
310
295
290
288
307
284
327
286
304
284
340
279
288
293
458
289
298
298
292
277
323
305
301
273
311
293
303
383
271
339
312
299
312
278
319
301
297
276
344
296
377
293
305
272
327
276
269
332
296
282
333
275
307
277
329
300
299
273
319
296
311
295
306
433
293
297
318
294
287
318
283
312
286
291
354
296
270
311
296
314
314
307
296
289
293
358
301
299
292
319
304
290
276
311
303
388
292
300
306
277
287
273
302
288
303
295
274
361
323
334
340
306
338
326
283
335
284
287
377
320
283
372
309
281
339
295
292
295
371
329
428
360
350
338
328
315
357
374
385
312
338
313
355
382
323
336
333
331
325
288
336
317
286
312
397
322
358
305
326
281
328
331
301
356
285
382
281
310
388
301
305
297
302
303
271
312
293
281
321
271
332
274
294
313
305
271
310
306
294
293
275
326
271
329
395
298
309
289
274
313
266
324
283
288
300
277
296
291
401
271
292
308
300
312
302
274
311
274
317
293
277
320
292
289
301
292
296
304
299
271
316
315
271
285
332
275
366
309
292
304
326
275
320
279
298
295
297
275
322
341
305
308
295
315
304
308
279
321
278
290
307
304
372
303
328
289
302
291
284
324
294
310
293
288
385
292
298
301
305
289
300
283
283
335
383
294
275
298
296
277
325
278
318
311
274
319
341
311
311
293
310
298
303
288
318
292
295
308
297
300
273
292
294
329
294
299
293
281
290
428
297
297
316
294
304
295
315
276
269
328
292
299
405
311
303
293
305
303
279
325
282
302
293
301
299
401
272
320
305
308
273
309
273
306
306
301
294
273
306
355
274
326
297
313
300
292
307
303
292
278
283
307
393
281
317
300
296
310
289
304
281
308
298
304
288
307
374
292
303
296
280
283
340
290
287
327
303
307
371
296
326
296
298
314
296
295
303
276
321
337
291
307
279
327
273
310
270
319
289
292
344
308
296
280
273
332
273
308
304
272
323
365
310
316
289
305
277
307
265
312
308
285
324
404
269
289
304
293
309
272
325
271
319
282
325
289
276
434
298
291
311
297
296
317
305
282
277
321
294
297
274
357
297
321
297
301
304
287
299
309
271
320
272
370
299
317
301
296
298
277
303
275
315
274
438
292
306
300
295
276
305
276
328
278
329
273
374
273
316
311
313
274
322
312
286
281
283
439
275
307
305
289
319
285
330
297
306
307
304
279
332
309
309
317
292
276
318
274
284
296
374
308
304
308
302
275
324
293
306
272
331
272
318
309
309
303
299
278
322
293
295
287
283
303
308
395
295
299
307
275
316
279
320
304
295
276
327
309
366
303
297
316
276
351
292
294
294
296
292
280
451
299
301
317
298
309
294
292
293
286
314
278
303
351
276
294
307
309
273
332
301
299
279
340
285
320
272
321
306
307
292
287
306
279
333
301
283
343
304
282
293
294
297
306
298
292
305
344
301
277
294
310
299
296
293
299
319
414
294
313
313
292
299
319
319
297
304
331
279
333
398
317
315
311
303
301
306
278
302
276
273
340
275
376
296
271
306
303
299
270
320
294
270
327
297
338
303
311
273
319
272
304
314
293
282
308
338
323
292
306
313
273
328
321
277
322
277
343
302
272
267
333
269
326
283
279
319
272
294
308
285
280
315
302
294
306
291
298
308
280
351
305
294
309
285
321
277
290
301
277
384
296
296
311
310
296
295
307
290
304
277
337
296
283
285
298
297
274
358
295
287
300
276
311
286
411
281
273
290
308
282
332
289
282
345
291
307
292
315
295
302
279
314
353
306
298
310
320
292
314
289
306
316
402
317
286
301
302
299
297
310
278
334
294
398
273
321
296
306
295
276
306
278
291
327
295
309
297
311
306
281
276
272
315
275
308
294
275
362
274
276
325
271
316
281
310
298
311
272
322
277
317
298
314
301
272
319
295
307
277
418
279
297
296
318
293
294
275
316
270
296
301
347
290
310
270
276
340
275
318
278
282
318
295
314
303
278
306
295
276
302
296
283
272
303
302
279
320
304
307
276
270
306
301
317
309
347
272
328
278
287
278
319
296
287
320
277
329
290
304
310
280
301
307
304
277
284
288
284
367
325
286
333
284
357
322
321
306
273
298
310
408
295
309
311
276
320
273
297
277
305
275
302
300
285
372
299
303
295
271
276
300
274
311
306
278
275
326
305
292
315
296
270
324
296
292
309
271
302
303
277
341
273
322
384
305
309
275
317
281
286
328
285
304
381
304
301
276
317
280
281
299
300
309
304
409
296
277
275
309
298
297
307
310
323
352
282
326
276
310
299
320
272
350
277
284
301
271
338
272
297
308
314
276
284
300
284
303
310
274
301
291
361
319
294
309
298
316
302
303
276
306
325
281
334
359
278
300
299
316
329
292
329
308
297
300
305
289
291
300
294
308
319
298
293
300
304
282
302
303
291
288
314
280
323
297
274
312
292
277
320
351
307
301
284
304
313
274
269
315
293
297
393
280
287
318
277
296
323
277
317
299
284
290
295
293
289
305
287
295
290
298
297
294
275
304
410
270
319
299
316
271
297
333
293
294
270
328
270
338
295
312
269
356
276
322
288
309
271
269
335
292
300
312
279
294
298
274
295
309
275
351
288
312
276
298
295
298
292
301
303
292
298
306
297
274
318
272
332
272
369
294
311
302
296
273
279
317
293
308
398
301
301
341
293
308
276
332
320
301
294
420
299
304
283
293
288
274
274
309
270
328
300
311
291
307
294
301
302
297
294
278
291
295
321
423
296
303
303
302
275
316
299
306
274
317
271
294
298
292
306
318
294
284
273
298
299
294
277
299
302
295
306
301
292
306
275
279
293
277
275
314
334
296
306
292
286
296
305
290
293
293
293
350
307
275
296
307
288
269
320
273
317
284
290
307
294
315
291
279
299
292
291
282
314
272
419
304
298
310
288
294
275
327
278
280
302
274
308
372
299
292
279
323
298
271
333
276
312
271
328
301
303
403
296
314
298
302
279
291
274
301
348
299
283
340
292
300
271
305
276
313
270
381
271
299
273
319
308
297
299
269
332
389
275
307
312
288
302
270
316
269
270
386
300
309
291
295
295
300
271
328
291
409
305
297
312
272
315
306
305
272
311
277
368
275
286
300
323
301
314
297
276
325
297
293
383
305
299
294
302
276
298
305
281
273
313
288
298
339
312
300
295
307
289
287
301
295
304
298
297
369
295
317
295
269
322
274
299
289
276
318
276
362
304
310
271
312
287
274
323
273
285
277
284
342
296
296
308
287
299
297
276
480
345
310
327
280
323
282
322
281
304
320
382
304
304
301
297
291
289
297
303
303
279
350
274
309
305
291
301
288
291
316
278
384
293
297
316
267
298
309
294
278
313
301
289
304
285
312
268
306
270
333
279
274
527
303
312
312
275
310
298
300
286
322
276
307
391
270
308
301
310
277
330
300
275
300
300
270
326
358
291
296
303
299
270
304
298
285
316
288
300
342
285
325
274
316
290
307
285
275
289
291
326
303
276
305
300
268
312
306
401
297
309
276
312
298
302
270
320
276
313
413
283
323
306
293
298
274
301
321
272
319
312
324
378
316
298
313
295
333
302
300
282
276
323
274
326
398
279
276
315
278
303
303
293
267
315
271
304
312
295
320
301
296
299
276
323
292
282
319
293
408
301
304
288
295
273
306
294
299
280
317
314
276
295
294
277
276
301
268
314
297
304
310
296
293
281
292
302
302
289
276
328
300
293
294
300
289
302
297
351
300
287
319
294
302
278
293
303
268
325
267
381
279
320
297
292
296
372
328
315
291
286
343
293
305
301
288
303
301
276
310
304
360
301
295
299
292
278
282
296
314
314
301
271
309
291
301
294
321
275
284
296
327
361
315
277
309
299
312
274
331
291
281
285
355
301
284
274
310
294
298
302
299
271
323
275
298
301
305
295
288
300
297
290
301
268
300
268
380
290
302
314
304
274
304
280
305
294
295
369
277
306
291
295
280
323
271
283
297
276
299
386
278
310
309
267
304
289
290
276
322
301
299
361
303
281
306
290
311
276
297
299
289
317
386
301
304
323
306
276
294
286
307
307
289
277
298
314
287
290
291
307
287
308
292
279
369
295
299
305
294
311
283
300
307
397
294
313
290
274
307
292
286
321
308
299
340
298
302
280
275
269
333
270
278
313
401
305
322
279
305
313
332
337
288
274
271
299
359
298
304
313
312
286
290
312
302
298
345
295
299
293
314
287
300
273
308
332
269
311
312
298
314
303
271
302
294
302
274
283
302
328
317
292
272
441
285
300
276
292
277
282
292
273
312
275
427
289
301
297
299
308
301
288
276
326
269
304
351
291
290
304
310
269
303
286
297
278
281
344
308
304
300
293
270
332
301
280
313
290
284
269
332
301
312
293
293
299
309
308
313
279
335
272
299
315
294
288
298
290
275
319
287
283
291
302
352
272
310
303
301
294
296
279
314
293
310
288
414
279
300
316
315
305
313
285
306
271
325
274
288
297
302
291
303
274
293
287
304
296
271
308
280
298
299
298
292
299
306
297
320
297
313
273
309
273
366
295
304
281
276
297
306
305
272
296
309
295
291
313
305
298
314
280
309
275
315
299
275
342
292
280
300
310
274
313
279
295
367
294
310
296
319
277
319
275
304
270
331
291
291
292
311
288
274
319
276
297
289
275
356
269
300
285
308
295
273
324
293
318
343
300
309
279
316
294
301
278
295
296
333
311
301
310
290
318
279
394
273
294
305
296
300
327
273
317
273
294
295
319
306
300
304
298
279
355
323
331
334
298
294
275
299
314
305
293
327
297
276
296
278
307
270
