831
456
433
429
406
404
425
422
411
437
451
399
402
428
398
424
416
401
425
419
422
415
410
412
411
416
400
405
420
400
468
422
413
399
437
435
396
415
448
407
414
428
399
422
437
401
408
419
410
422
435
434
481
418
448
415
487
419
401
426
397
413
399
401
446
400
401
417
450
405
404
408
418
399
449
397
492
399
400
418
411
433
397
436
412
476
401
402
406
444
401
399
416
398
414
402
400
417
428
407
403
409
402
473
402
414
431
417
409
430
399
430
445
412
404
413
417
407
407
419
395
456
414
403
413
402
434
402
428
401
461
404
400
420
404
415
409
401
455
399
423
401
404
400
428
418
404
408
413
389
412
397
421
436
401
417
413
394
438
416
450
428
425
458
412
414
401
423
399
401
424
433
401
399
433
399
435
400
418
482
405
398
416
395
438
413
417
405
412
418
400
398
428
414
398
396
435
418
441
398
398
454
401
405
448
421
416
401
402
423
416
418
409
424
411
460
401
403
435
403
404
436
398
404
424
436
400
415
400
433
397
397
417
408
454
402
405
455
396
413
398
420
501
416
402
413
437
410
404
403
400
400
434
409
425
399
401
432
415
413
398
403
462
397
418
472
419
407
414
451
422
431
440
411
420
402
408
405
411
416
408
430
400
421
412
409
422
398
414
400
399
438
452
412
418
398
412
401
430
411
427
405
407
413
418
401
399
418
409
399
409
408
419
394
409
401
395
431
399
512
409
457
402
431
397
405
428
424
405
497
415
405
399
429
413
425
400
422
406
477
399
421
405
436
419
431
420
402
469
399
397
435
410
400
427
399
425
403
400
404
437
401
443
399
405
427
418
445
418
401
432
401
429
435
446
438
495
415
444
415
437
422
411
413
517
401
402
436
415
398
406
431
429
419
404
416
396
452
413
395
420
420
400
402
430
410
401
403
451
402
397
398
436
412
402
421
417
413
418
422
401
404
415
448
400
443
403
400
432
398
405
461
473
431
399
408
427
401
426
401
398
410
445
444
404
420
405
429
397
421
407
426
402
487
396
405
403
401
429
399
432
429
400
399
426
411
413
398
399
467
397
400
436
413
456
404
397
421
395
397
440
435
443
431
536
426
412
461
406
425
420
446
398
418
399
401
443
399
436
409
399
402
535
400
414
401
443
406
430
395
398
424
400
413
399
426
395
411
402
412
399
472
401
437
415
399
420
399
406
431
453
415
427
423
415
404
400
451
413
463
413
399
456
396
409
401
401
440
434
419
394
421
397
402
421
400
442
460
402
415
404
400
430
416
442
465
399
418
403
396
433
398
438
411
418
458
401
401
402
442
418
447
395
416
444
400
425
400
430
447
421
444
417
459
415
436
419
409
422
400
403
418
434
403
403
434
409
403
414
415
396
400
397
439
397
401
463
404
422
410
493
416
407
440
400
413
402
416
402
411
420
402
419
404
397
400
435
414
411
419
450
399
417
405
401
409
420
431
416
404
453
400
422
409
435
411
449
421
399
491
405
397
420
416
402
401
424
402
401
464
406
437
402
423
430
402
402
435
407
415
445
417
401
416
412
454
404
435
408
432
400
414
398
407
406
481
445
412
449
413
448
480
410
424
396
398
413
397
444
451
411
488
416
402
403
419
405
431
401
472
403
405
427
401
398
453
400
427
453
411
398
420
413
397
405
440
425
402
400
417
398
402
400
416
416
400
428
396
396
408
405
400
451
401
402
487
405
417
398
438
445
408
399
448
425
410
398
399
412
409
400
420
414
397
403
501
414
419
408
441
420
403
397
483
398
433
400
413
442
413
397
514
408
410
403
431
417
398
409
445
398
419
420
440
447
427
412
446
414
445
399
421
411
403
402
437
397
453
414
412
459
400
401
442
395
422
405
445
456
399
399
441
397
433
415
399
397
522
405
433
402
416
410
405
426
453
396
399
443
399
414
444
400
412
484
399
398
402
447
416
399
406
456
396
428
397
410
436
399
399
440
412
421
410
400
433
398
403
408
405
403
401
422
407
409
467
402
401
432
399
398
436
413
413
411
404
400
447
404
435
416
411
412
405
428
422
403
409
425
399
496
412
448
424
419
464
453
421
483
404
398
402
429
438
411
430
416
441
414
402
400
423
414
419
395
422
418
399
415
401
413
430
399
502
398
401
424
402
433
405
410
429
396
412
469
400
414
439
400
411
402
404
416
405
493
410
417
400
399
444
416
399
398
414
446
453
417
397
408
400
462
411
415
399
420
400
404
419
401
413
449
397
409
401
483
401
397
449
406
413
397
402
429
392
396
426
413
420
403
400
451
399
438
473
412
399
419
404
453
420
438
420
460
434
471
400
419
399
402
432
422
416
399
468
393
413
400
409
437
402
428
468
399
403
429
417
416
405
445
399
415
454
405
400
416
414
399
406
437
407
419
457
399
412
401
464
396
432
431
399
482
419
425
401
395
433
405
420
400
415
479
401
401
420
443
409
406
411
451
411
404
403
429
424
402
436
420
410
406
432
402
405
405
397
410
516
401
398
445
401
400
421
418
494
396
407
401
418
400
411
409
407
429
450
405
411
530
407
492
449
421
458
433
400
444
401
450
400
439
430
445
431
413
404
435
401
423
404
462
399
395
419
420
404
402
447
404
405
418
413
406
437
398
416
405
495
400
423
404
412
427
402
406
395
422
404
465
424
400
441
394
412
405
399
453
415
403
401
399
424
399
414
403
422
425
417
403
462
399
402
421
416
430
421
400
414
396
452
405
414
414
398
431
407
403
407
441
477
413
402
427
401
402
427
406
415
417
403
427
455
399
401
440
425
425
417
440
414
445
409
409
422
415
408
433
433
412
401
406
440
408
483
397
416
397
402
422
417
429
413
468
401
439
399
427
401
401
447
454
414
424
400
417
402
399
457
401
487
422
405
404
444
422
414
420
468
404
419
400
409
426
411
497
406
434
422
402
441
419
413
413
459
400
431
418
407
426
411
414
403
438
412
398
414
403
407
443
410
400
400
429
461
401
403
436
410
409
400
434
402
430
417
408
429
398
417
417
406
404
447
473
452
414
438
417
409
415
435
420
456
396
421
397
398
423
410
437
408
432
400
434
403
414
401
475
410
398
416
402
420
400
418
440
421
402
416
418
403
431
402
469
409
436
400
446
408
402
400
459
405
413
429
414
399
395
425
398
411
459
400
400
427
427
423
405
449
414
411
415
423
398
404
432
399
409
437
414
403
404
424
417
405
405
437
417
405
402
400
446
413
461
410
401
418
399
399
466
400
440
460
411
398
410
419
422
411
423
476
413
430
412
421
438
509
411
424
399
428
415
411
400
398
446
425
403
480
416
393
432
403
415
426
403
402
431
449
417
420
401
420
426
399
424
419
472
398
407
445
411
397
432
408
421
409
403
470
426
403
402
433
401
401
426
420
424
401
400
421
397
403
424
408
417
404
464
422
398
406
425
412
427
407
427
398
496
395
398
432
427
412
397
423
397
400
444
400
401
434
395
434
414
405
431
460
401
412
425
398
416
402
409
427
399
417
423
421
452
425
413
417
426
432
422
419
426
398
412
396
404
434
406
405
446
399
399
462
403
417
409
400
432
412
407
466
397
402
459
399
396
460
401
456
400
404
456
399
423
427
404
427
403
410
427
398
396
433
411
424
400
400
433
405
400
433
455
401
402
416
403
415
459
403
422
397
429
421
425
417
409
401
418
399
400
423
403
498
420
400
400
426
401
405
442
456
405
402
422
412
402
400
447
470
422
401
403
426
420
432
397
403
452
421
416
491
426
411
434
435
459
422
436
399
416
405
396
437
429
456
398
412
410
413
424
401
439
420
398
399
400
437
404
399
439
404
401
429
397
485
409
419
415
431
419
400
411
403
500
407
407
409
433
400
407
404
420
406
440
412
427
406
400
403
400
439
463
413
401
442
398
421
396
411
401
420
436
431
405
420
415
417
406
408
428
402
406
420
404
399
424
403
410
424
395
402
420
411
403
405
457
402
430
428
414
404
490
402
434
402
436
423
421
413
453
427
472
417
461
401
434
407
405
421
466
426
401
411
420
401
479
399
417
418
398
430
404
429
475
404
445
409
437
405
426
404
408
399
421
404
402
423
401
406
436
401
492
413
416
402
412
401
403
442
402
514
400
419
406
404
425
399
419
431
423
417
476
400
437
402
404
461
401
400
421
402
463
402
406
437
409
405
442
402
427
394
465
403
417
420
402
399
432
402
409
459
417
397
411
401
398
426
414
396
503
424
403
401
443
435
423
414
510
412
447
414
422
400
418
397
500
418
415
405
397
440
405
434
460
405
402
423
397
399
429
411
505
406
401
447
400
420
398
409
426
412
397
401
419
415
403
405
433
489
397
427
399
414
399
406
452
416
408
507
401
417
402
400
417
435
428
410
400
496
412
400
419
414
431
429
400
422
409
418
475
401
420
427
398
424
405
401
438
426
456
415
399
424
400
405
427
420
412
403
434
398
419
396
420
428
411
407
460
399
400
473
422
416
467
426
492
420
459
400
426
402
411
424
456
403
403
424
413
399
434
410
400
413
417
413
417
402
399
447
411
424
402
404
402
439
445
410
405
421
401
420
404
436
424
414
453
407
402
445
408
396
399
525
407
423
401
400
420
399
419
400
510
398
425
400
410
399
401
398
473
397
432
419
399
415
420
432
429
405
469
403
400
428
398
410
408
427
394
443
404
396
408
487
554
405
481
467
415
433
431
429
471
421
412
522
406
444
429
537
438
531
425
547
418
416
494
436
414
487
417
455
418
494
537
419
457
421
447
423
430
501
425
456
416
440
415
456
436
522
426
436
413
450
418
414
474
598
448
424
439
419
505
421
441
540
419
447
422
422
471
431
590
479
427
458
422
456
423
504
448
522
438
430
447
443
501
484
422
469
484
422
453
427
508
423
458
419
460
504
442
437
519
424
443
418
421
458
422
621
440
423
457
470
429
444
477
523
461
434
455
459
436
462
481
451
422
421
430
423
430
678
422
465
450
453
424
483
469
474
443
451
458
449
445
432
532
443
451
417
446
427
443
498
431
475
423
443
423
502
443
559
421
473
438
439
426
420
515
441
462
416
431
439
425
465
521
425
524
418
437
429
424
466
461
437
452
427
422
454
446
476
433
490
431
426
491
459
517
440
452
476
448
444
425
531
458
454
423
444
431
426
564
469
472
551
466
444
465
447
497
439
427
545
451
437
517
476
419
424
492
419
452
429
575
464
416
468
432
486
425
559
455
505
427
429
458
441
439
457
462
447
449
487
433
438
453
428
454
487
446
428
442
507
427
426
514
432
458
422
438
446
478
409
411
439
412
416
424
439
432
413
399
441
405
444
404
428
414
416
406
418
401
437
442
422
440
412
474
408
407
427
402
400
475
399
422
417
470
407
402
418
454
452
416
418
488
442
439
439
454
404
428
401
405
424
410
401
419
431
403
414
401
426
410
424
414
406
432
470
410
406
403
416
410
423
402
416
426
457
410
400
451
420
400
408
463
398
458
432
426
407
399
437
400
415
449
399
405
434
404
424
427
410
445
399
399
430
403
415
400
433
403
405
418
442
431
414
408
458
398
400
420
402
437
401
412
422
487
402
400
440
414
400
432
399
410
426
409
452
413
402
431
411
405
409
440
414
442
400
416
440
431
427
444
409
444
447
