102
52
49
50
50
54
50
49
55
48
49
54
52
50
50
58
54
55
49
54
59
48
50
49
51
56
52
59
50
49
50
55
59
49
49
49
58
49
49
49
49
49
55
50
50
51
50
75
51
54
51
52
59
49
49
49
49
50
65
61
56
55
56
64
59
68
61
63
74
75
65
65
76
68
68
85
70
77
68
70
70
77
76
71
70
81
77
78
71
69
71
70
79
70
80
72
73
70
81
86
74
72
79
71
71
74
77
72
79
70
70
90
70
86
77
70
69
77
70
70
71
71
79
84
76
70
70
70
70
80
69
71
73
72
70
81
74
69
70
78
70
70
78
70
70
78
71
70
70
70
70
81
72
72
71
72
82
71
76
76
71
71
70
71
71
80
71
71
70
71
80
71
72
71
71
71
79
87
70
71
71
71
83
71
70
75
70
71
80
71
71
93
71
74
77
71
71
70
69
68
75
71
71
71
71
72
86
72
72
73
80
84
71
70
77
71
71
78
71
71
71
77
69
69
81
71
75
71
77
79
77
70
77
68
71
80
84
69
69
75
70
70
69
75
71
78
71
68
68
68
81
70
82
70
87
71
83
72
72
72
72
69
79
76
70
71
69
69
77
71
71
76
68
68
76
71
70
69
69
69
80
71
71
70
75
68
77
70
71
69
68
78
70
69
70
69
81
71
71
70
77
71
74
71
68
68
70
79
71
72
71
79
71
71
71
79
71
82
71
71
72
78
73
71
72
70
68
80
71
75
71
69
69
78
70
72
70
70
76
75
76
70
68
77
71
70
80
77
68
71
71
71
76
71
71
70
68
88
72
71
77
72
71
80
71
70
70
78
70
70
71
71
70
78
68
70
77
71
82
70
73
82
70
71
68
68
68
78
71
77
71
77
67
78
71
79
67
90
68
76
71
78
70
75
68
82
71
70
68
81
71
71
71
71
71
71
70
70
71
78
70
70
74
71
71
70
69
78
70
70
70
68
76
83
71
71
71
71
77
71
68
68
78
70
71
70
91
68
68
77
73
70
71
69
77
72
72
70
76
68
82
71
72
72
76
71
76
70
70
77
70
70
68
68
76
69
71
71
68
75
75
69
70
79
70
73
71
70
83
79
78
68
69
79
73
71
74
76
71
76
68
68
69
80
70
77
70
71
70
69
76
71
70
79
72
76
72
77
72
72
68
75
69
68
80
69
78
71
70
68
69
69
81
71
73
68
74
68
75
71
70
71
80
70
68
77
68
71
70
68
82
71
70
68
68
80
71
73
71
85
80
71
71
71
78
71
70
71
78
71
71
78
70
69
74
69
67
78
69
80
68
75
70
84
69
76
80
67
68
80
72
70
69
75
67
67
70
70
71
80
70
67
72
67
77
77
72
74
70
70
76
70
69
78
69
70
84
69
78
70
71
70
79
71
70
70
70
76
68
73
81
70
70
74
68
69
68
79
70
71
71
71
81
68
67
74
71
88
68
67
68
67
80
81
69
69
68
68
68
80
70
77
69
71
68
71
73
70
70
71
76
71
93
70
73
71
77
75
70
70
68
79
75
70
77
68
70
67
76
70
70
67
68
75
70
70
72
70
77
70
68
67
75
68
76
71
74
70
78
70
73
83
70
82
70
70
70
68
79
70
78
70
68
69
71
82
72
71
70
70
78
77
68
74
68
68
71
72
70
77
71
69
68
67
68
75
71
70
70
74
68
69
71
70
70
82
71
77
71
70
77
70
74
67
76
69
69
74
69
77
70
70
77
70
71
68
68
68
81
72
70
79
70
70
69
75
74
70
68
76
70
69
67
68
68
83
70
80
70
69
72
69
76
67
73
68
68
79
69
70
71
71
71
68
76
83
68
67
76
70
70
70
80
67
68
70
71
83
71
70
79
73
76
70
78
69
68
67
68
78
70
70
68
68
77
67
71
70
70
76
69
67
74
70
70
70
77
70
68
67
85
68
82
69
70
71
79
70
70
70
77
69
67
70
67
67
77
70
71
80
71
71
72
71
70
69
78
70
69
69
68
67
78
70
70
75
71
69
68
67
89
67
70
69
67
67
67
84
78
70
88
71
70
72
74
68
68
72
69
87
70
79
70
70
70
79
70
76
74
67
68
78
72
72
105
90
108
85
97
86
86
109
90
85
86
94
85
81
84
78
83
75
75
72
83
72
77
73
79
70
77
70
70
70
70
78
70
70
77
71
70
70
69
78
70
70
70
71
83
71
71
78
71
70
70
77
70
69
68
78
70
70
68
77
70
81
73
73
68
70
81
76
68
68
70
80
70
69
75
80
68
79
70
78
73
70
68
75
70
70
70
80
70
76
69
76
69
68
75
70
80
71
74
72
71
72
77
70
75
70
70
77
70
69
76
68
69
79
70
70
71
78
73
76
70
74
68
70
70
76
70
69
70
70
77
67
67
68
77
70
70
75
69
75
70
69
77
67
67
70
70
79
71
72
78
71
70
70
79
70
79
70
69
67
69
70
70
69
84
67
70
70
90
70
70
92
71
70
69
74
72
69
76
83
69
69
70
70
86
84
67
68
73
69
76
82
70
84
68
67
79
69
70
73
70
76
71
71
71
70
78
70
69
70
70
70
71
81
77
70
76
70
76
68
75
70
68
67
78
69
70
67
68
68
68
68
77
76
70
69
69
68
78
69
73
69
75
68
78
70
85
79
76
82
71
70
79
70
70
70
79
70
70
73
69
80
71
70
76
68
69
71
79
70
69
68
68
79
71
71
70
69
76
69
71
68
71
71
79
71
70
77
72
70
69
68
68
68
71
79
70
78
71
71
70
68
74
72
71
78
71
71
70
72
70
68
78
70
70
70
74
67
68
74
92
70
69
67
68
70
78
71
70
69
66
68
80
69
69
68
75
73
70
77
71
69
83
75
69
70
67
67
68
81
74
70
70
69
70
69
76
71
72
71
79
71
70
67
67
76
70
77
70
77
70
70
69
80
70
70
69
68
67
76
70
73
72
73
70
70
68
78
67
78
70
70
71
79
73
70
70
79
85
69
70
74
67
74
69
70
78
70
79
71
71
70
80
71
70
78
69
70
70
69
83
81
70
73
72
68
77
70
81
68
68
68
77
70
70
70
81
70
69
77
70
68
68
78
70
70
69
70
79
70
70
70
78
70
71
77
69
68
68
68
85
71
71
70
70
78
70
70
70
80
70
71
77
70
72
69
68
76
67
67
71
70
81
69
70
83
70
68
68
79
70
69
66
68
68
68
80
70
70
70
70
68
79
78
70
70
79
67
68
79
70
70
69
68
80
71
78
71
70
70
70
80
67
70
70
69
68
77
70
72
69
70
77
73
67
75
82
70
70
77
69
79
68
73
77
68
69
70
84
76
70
70
70
80
70
70
67
68
80
71
70
75
69
70
68
70
79
70
71
72
79
69
70
69
75
67
68
74
70
73
70
75
70
70
74
68
67
68
75
82
76
67
73
77
69
70
81
74
70
70
70
77
68
70
70
85
77
70
72
70
70
73
75
68
74
70
71
69
69
81
87
82
86
86
86
86
94
86
85
91
91
92
84
81
89
78
75
76
73
88
82
73
73
76
74
70
70
76
71
75
70
76
70
70
72
78
71
71
78
74
70
68
69
77
79
71
73
72
72
78
71
71
77
68
68
71
71
70
75
68
72
85
69
70
79
71
71
68
75
71
70
70
82
70
69
75
72
71
77
68
73
71
79
71
70
69
70
71
78
71
86
69
86
69
68
69
78
73
71
72
79
78
71
71
80
70
71
71
71
77
68
70
72
71
78
71
70
68
69
74
71
71
81
80
73
70
69
69
71
82
70
68
69
68
68
69
83
71
75
71
68
76
71
68
75
70
68
74
69
72
72
71
79
71
72
70
70
75
71
83
78
67
74
78
71
78
74
68
68
68
79
71
71
70
70
83
75
71
77
68
69
79
71
70
82
68
71
71
84
71
70
68
77
79
70
70
69
78
72
79
72
72
80
71
78
71
70
70
70
68
80
70
73
84
77
69
79
67
67
78
70
70
69
73
68
68
78
69
70
78
77
92
70
70
69
68
68
77
69
70
72
70
74
70
71
82
68
81
70
70
73
70
84
71
72
70
71
81
70
77
69
79
69
78
70
70
70
78
71
69
69
78
70
68
82
68
74
67
70
75
68
70
80
70
70
69
68
68
71
79
69
69
68
78
72
85
71
76
70
79
68
68
69
68
77
71
73
72
71
79
70
70
68
69
69
68
84
70
71
70
78
82
68
71
70
72
68
77
69
70
70
70
81
77
72
70
74
70
71
74
70
68
68
82
68
70
71
80
75
69
71
71
78
72
70
69
80
71
76
71
77
70
81
70
69
76
70
85
70
74
71
77
70
71
81
73
73
71
75
70
84
70
70
79
70
79
72
77
75
84
68
84
70
77
70
71
71
78
69
68
68
71
89
133
119
98
100
93
109
86
83
81
88
79
78
83
76
75
73
72
84
73
72
81
73
72
72
74
77
70
77
70
78
70
70
69
70
70
70
70
79
66
71
68
75
75
64
63
64
66
72
62
61
63
64
64
66
69
61
66
71
66
65
79
74
65
65
73
68
68
76
68
68
70
84
70
70
70
70
78
73
70
69
72
79
73
70
67
68
82
71
70
79
70
70
77
70
69
70
72
80
70
70
71
83
70
70
77
70
71
78
72
71
70
71
79
70
70
70
77
72
68
68
80
70
70
74
67
70
78
70
69
78
68
72
82
70
69
73
76
70
77
74
70
70
78
70
70
79
70
69
68
81
68
70
69
70
70
68
71
78
73
70
70
77
70
77
78
69
70
70
68
87
69
70
70
70
82
70
72
68
76
67
91
70
70
68
67
68
79
70
70
77
70
71
67
68
83
70
70
75
70
70
79
68
79
73
71
76
69
75
69
71
71
71
78
72
76
70
70
70
68
78
70
70
68
67
67
79
70
70
70
93
69
68
67
67
67
79
70
75
71
77
69
69
68
76
78
70
69
68
78
70
69
68
75
70
71
78
73
71
78
71
71
70
72
83
72
72
79
70
69
68
77
85
79
77
70
76
70
81
70
71
71
79
72
70
68
76
72
69
70
77
68
67
67
77
70
70
71
69
68
80
69
70
70
70
73
79
70
75
70
78
70
71
71
79
71
71
70
71
69
78
69
70
70
70
78
70
69
77
70
70
69
70
78
70
69
75
68
76
73
70
69
75
70
80
70
77
70
69
78
81
69
70
68
68
79
75
70
70
69
76
71
70
70
80
72
72
71
70
80
73
70
80
70
69
70
77
70
70
69
68
79
70
70
70
70
70
78
70
73
68
67
77
84
71
70
91
68
72
78
70
70
82
71
79
70
70
70
70
77
70
77
72
70
71
70
72
82
71
73
72
70
79
73
71
71
70
74
70
70
72
72
67
80
88
70
70
92
71
71
75
70
80
70
86
67
76
70
80
69
80
71
78
69
68
70
87
71
70
70
70
67
78
71
79
70
70
71
79
71
71
71
71
85
71
71
77
69
70
71
71
84
79
71
75
76
72
70
78
68
70
70
76
70
71
76
70
80
78
71
77
70
77
70
74
71
68
76
71
70
71
75
71
70
71
79
77
68
68
71
84
74
72
72
75
70
70
70
80
78
69
67
68
68
78
71
85
182
107
104
122
105
95
95
