1071
194
241
225
195
223
217
218
213
223
199
217
188
214
215
220
210
210
195
224
190
229
258
213
220
207
197
213
223
207
198
228
278
219
220
211
209
220
193
228
215
212
211
201
330
203
217
197
246
207
210
205
219
213
217
192
228
192
212
213
207
232
188
219
200
233
190
211
217
197
219
243
203
195
190
222
225
204
213
223
215
197
232
196
205
205
219
195
224
238
196
212
207
226
215
200
225
195
219
193
221
192
237
191
227
191
189
261
197
227
193
216
192
226
205
206
219
212
197
209
207
223
210
226
188
218
210
272
191
238
196
220
194
225
194
226
200
198
231
192
216
195
213
194
225
213
212
195
221
212
198
219
223
258
208
215
209
209
209
227
213
217
225
190
242
203
215
217
221
197
227
217
216
191
219
193
220
212
219
214
219
216
194
223
203
212
208
193
229
212
219
267
203
223
197
230
207
216
197
223
213
196
221
258
189
215
193
197
232
206
210
209
212
195
269
212
218
192
227
191
231
196
226
209
223
213
192
220
210
218
194
228
192
221
193
208
212
215
212
217
196
224
214
195
208
221
266
215
217
209
221
200
224
206
207
197
226
192
232
191
210
218
211
212
204
227
189
191
240
190
266
204
220
192
223
196
190
236
191
224
232
192
305
208
191
227
204
214
215
192
234
206
231
220
264
212
206
212
209
209
213
214
196
219
213
216
197
207
213
198
217
217
215
216
193
219
197
210
219
193
243
212
216
202
235
195
217
192
192
234
196
307
218
204
214
222
217
219
212
210
210
192
218
211
239
218
212
208
210
191
196
253
211
197
222
193
236
253
222
203
196
226
209
212
194
234
197
208
215
284
207
206
221
210
188
195
236
195
210
215
225
216
187
223
211
223
238
240
196
223
188
223
214
222
194
303
206
211
210
194
240
191
228
192
226
207
195
234
293
190
213
208
231
205
224
209
221
192
223
232
197
230
196
214
283
209
217
220
188
238
193
213
207
196
193
240
201
228
206
297
191
228
210
200
234
193
230
196
224
192
238
224
196
236
190
323
214
196
220
211
214
188
232
209
203
226
198
194
236
214
195
238
251
210
218
197
216
219
201
231
195
224
209
220
218
192
220
191
315
215
215
190
246
201
217
193
217
217
197
215
213
197
191
228
197
322
221
228
208
214
189
236
223
195
220
205
225
190
222
195
213
210
256
213
208
221
193
226
193
207
194
192
235
196
225
198
222
206
211
288
195
225
218
207
193
234
188
230
191
228
210
197
216
211
194
236
284
208
221
214
195
222
199
212
215
200
236
209
213
215
212
224
212
192
301
209
216
212
219
230
211
197
233
211
197
212
210
201
227
217
249
212
215
217
194
228
192
213
194
224
191
228
211
213
195
203
216
215
212
213
210
210
208
193
227
194
219
195
214
213
267
216
212
212
205
206
220
190
223
193
224
216
224
213
206
194
255
211
206
194
229
227
210
196
225
192
223
257
201
227
211
210
222
198
215
229
212
194
225
213
199
279
221
222
211
192
221
201
217
214
218
207
219
212
217
197
271
205
212
202
234
195
216
194
300
199
253
214
288
228
240
359
228
239
234
211
227
235
202
221
245
274
235
290
224
258
200
244
193
241
205
230
201
334
218
209
271
264
222
218
223
200
250
220
198
267
214
214
241
262
217
277
212
198
239
207
251
299
209
241
196
233
253
280
215
227
197
244
199
278
213
203
253
224
235
225
377
198
214
216
194
256
197
215
245
201
213
225
254
243
247
196
237
217
221
196
230
212
196
239
231
232
320
229
231
199
218
194
255
211
225
196
223
233
220
255
213
212
239
293
198
196
250
246
197
238
195
233
303
198
250
231
240
217
227
198
222
213
223
258
237
266
267
238
235
221
217
208
254
201
233
213
215
331
234
244
215
199
313
199
232
235
269
215
240
239
232
268
209
233
219
231
200
271
219
198
239
197
230
289
196
239
200
244
248
220
202
353
224
234
214
225
253
196
219
193
265
229
236
200
330
216
227
208
241
263
217
226
222
208
213
264
199
225
198
275
232
275
220
234
198
245
202
226
241
200
199
392
251
201
251
249
233
214
207
234
199
244
200
223
218
226
323
228
279
215
230
210
231
202
229
220
234
208
196
257
226
286
263
260
215
204
227
221
222
200
218
248
206
307
257
199
196
207
284
234
233
213
212
228
202
226
250
216
261
201
196
250
216
222
223
219
205
229
214
199
243
282
235
219
202
198
249
232
216
253
221
244
199
261
266
201
221
199
242
269
232
238
222
214
221
265
276
210
197
199
209
230
202
222
204
266
240
195
280
306
246
199
231
217
272
201
234
200
240
246
198
288
207
217
218
209
232
308
217
232
199
259
221
234
226
206
207
264
275
278
222
286
221
225
231
220
225
221
245
197
227
195
240
198
235
220
276
198
198
259
305
225
217
225
225
263
202
241
203
251
290
214
240
247
202
237
220
204
248
230
225
198
246
198
249
321
253
252
222
264
239
200
238
200
256
219
231
205
249
254
235
256
199
237
222
217
204
231
224
232
231
227
350
226
212
220
257
203
245
203
233
251
230
200
270
236
238
198
246
240
198
234
217
224
198
224
211
348
217
225
242
223
225
229
217
204
203
217
224
199
308
219
195
227
201
224
223
200
247
205
230
223
244
305
218
220
230
216
241
207
230
303
242
226
218
298
237
219
243
230
209
238
197
279
225
247
201
277
220
347
233
205
246
206
324
224
234
199
250
204
231
287
201
257
217
214
293
240
202
202
241
234
218
228
238
225
193
268
208
239
222
224
234
222
204
242
264
284
237
201
239
269
228
212
230
214
220
195
259
310
218
233
202
239
197
217
222
230
230
218
248
221
357
237
201
237
233
234
271
220
223
253
198
275
353
247
236
227
204
231
200
243
264
223
232
198
266
241
217
213
223
198
255
216
206
369
216
238
259
220
313
207
248
196
225
220
225
198
259
209
255
273
231
228
248
220
240
212
240
199
264
212
242
236
341
270
260
218
219
201
243
202
263
206
254
209
197
264
287
227
276
201
238
215
217
235
198
245
203
232
259
248
198
303
218
235
203
215
232
218
226
223
203
293
275
208
242
242
213
242
201
234
199
237
253
365
255
216
208
246
203
247
198
225
230
226
219
219
241
227
264
197
249
197
236
242
228
222
198
340
223
245
218
254
223
203
250
228
203
240
216
202
257
266
239
197
235
232
213
232
206
235
201
243
207
238
259
345
217
229
227
203
201
264
200
265
204
231
202
474
198
238
249
220
233
229
222
202
198
263
223
216
250
237
216
249
239
216
254
220
225
271
206
244
282
216
206
199
252
229
204
230
227
230
212
212
209
275
270
233
239
225
238
205
244
201
227
268
218
228
244
197
234
226
204
204
233
216
214
232
265
224
204
261
211
228
215
228
230
226
202
257
274
247
236
241
224
200
229
200
203
252
219
231
208
225
223
233
215
296
226
223
225
217
230
208
252
219
207
328
194
239
240
206
232
232
225
246
207
235
204
238
198
235
283
227
229
313
213
252
229
240
260
220
230
203
259
266
239
203
199
253
221
202
203
246
235
327
215
232
234
229
238
192
229
205
228
216
220
199
220
197
231
216
207
235
272
211
221
212
219
228
223
224
218
208
198
228
205
223
206
216
202
227
210
258
201
222
205
217
195
236
214
201
224
208
198
228
191
215
196
322
223
208
225
196
236
196
230
206
196
225
195
222
198
224
192
212
191
311
223
223
211
223
199
226
197
209
211
221
218
195
230
220
205
223
190
318
215
205
206
223
188
211
207
224
193
225
198
219
191
233
193
195
213
206
220
275
204
210
207
213
226
220
209
191
236
219
196
213
207
196
231
198
224
194
214
222
207
224
209
192
231
194
229
193
218
210
220
193
220
225
210
307
206
225
190
225
208
219
211
214
209
205
222
196
229
194
228
211
194
221
192
244
210
192
232
192
229
196
234
201
221
190
217
210
192
194
289
206
213
197
224
217
225
200
212
207
200
230
209
205
301
216
221
209
207
190
244
199
210
191
228
215
195
217
191
238
214
210
188
225
193
230
191
190
230
191
192
236
241
224
220
208
210
196
230
196
243
220
200
226
192
256
206
220
208
195
218
209
213
211
212
221
193
327
207
227
204
226
213
192
235
195
227
200
217
195
225
196
209
266
207
205
221
213
216
195
217
196
217
192
233
212
220
281
212
215
196
237
206
214
209
191
230
197
225
207
218
194
216
274
197
221
206
207
192
226
219
222
193
209
209
214
193
192
228
210
292
192
217
214
195
229
212
208
198
209
223
194
227
189
213
208
218
210
274
197
240
210
208
210
222
193
211
210
197
232
224
211
198
233
202
210
205
205
222
210
229
214
192
230
214
199
197
241
218
198
218
221
209
226
209
212
195
223
210
192
209
213
205
234
192
314
204
219
227
218
209
229
272
262
232
231
209
224
198
239
238
270
231
213
240
198
205
245
218
202
248
211
243
218
225
222
225
210
214
240
219
237
233
202
224
207
217
193
222
193
213
192
227
213
191
220
211
219
194
235
210
224
202
212
197
217
212
222
191
215
289
220
231
209
219
224
215
213
198
223
194
231
202
230
196
233
201
261
211
219
193
222
190
241
208
204
220
194
222
197
215
193
250
209
220
210
220
211
192
215
211
208
227
191
321
210
220
211
215
213
217
213
200
209
190
226
216
214
209
221
246
214
221
210
190
248
191
218
191
234
209
194
217
196
239
194
220
214
204
190
230
195
195
237
196
320
198
199
223
206
215
216
216
194
217
214
221
213
215
238
223
231
199
227
210
197
222
192
226
207
193
220
297
206
217
233
216
191
224
191
229
213
201
216
192
188
246
195
313
219
215
195
230
214
205
194
213
233
207
195
217
208
222
194
237
265
206
211
220
195
219
189
222
189
212
228
193
233
198
196
228
192
205
218
219
198
216
210
193
229
211
195
228
211
195
198
241
194
240
247
216
220
208
195
214
203
211
215
203
215
220
195
222
208
197
213
209
214
196
226
210
218
195
230
193
235
189
226
193
245
192
235
222
202
221
201
222
190
213
222
213
207
219
191
229
209
230
215
217
196
199
229
272
189
214
214
205
212
206
192
226
212
194
233
199
232
188
219
216
191
228
195
223
216
196
217
206
225
271
222
210
222
194
337
233
194
238
195
224
198
226
254
214
234
222
219
198
234
192
233
196
230
210
201
222
215
244
226
216
209
199
229
194
234
208
213
193
218
213
203
211
216
218
214
205
212
192
195
238
219
216
208
222
203
301
214
222
206
214
208
218
190
220
206
219
194
223
196
232
202
237
209
210
214
212
213
212
196
227
192
192
243
211
250
215
219
188
220
209
194
228
190
228
212
218
194
254
200
237
210
211
190
218
210
215
213
247
207
205
216
219
200
230
212
220
194
231
255
205
196
234
207
209
213
213
199
233
197
214
208
205
206
208
196
213
209
200
247
192
222
218
222
191
228
210
198
220
189
233
193
228
217
198
243
251
212
227
214
206
211
191
226
191
219
206
213
205
189
223
225
195
219
203
225
222
199
250
209
212
207
191
229
219
218
206
262
205
192
227
217
188
217
218
198
216
271
211
200
232
211
206
216
220
193
212
272
208
218
217
224
190
215
213
221
194
272
215
213
199
223
191
209
229
211
210
214
