1072
44
40
40
40
40
40
41
41
40
42
40
60
38
38
38
38
38
39
38
38
39
38
51
39
37
38
38
40
39
38
38
39
40
38
42
57
39
39
40
40
39
39
39
46
39
38
39
39
40
41
42
44
61
51
47
49
49
50
50
51
52
70
53
55
54
55
56
57
55
56
59
112
57
67
57
57
57
56
70
57
57
57
56
56
56
57
56
56
58
73
57
57
56
57
56
59
69
56
58
57
57
57
57
58
57
60
61
79
56
64
58
61
56
57
57
56
57
56
58
57
68
57
57
61
57
57
57
56
56
57
57
54
55
75
56
57
57
57
57
56
57
57
57
72
57
55
54
55
55
57
56
56
56
57
58
74
57
56
57
58
75
58
58
58
58
70
57
57
56
57
57
56
56
57
57
75
57
56
57
56
55
54
54
55
55
71
58
56
56
56
62
56
57
57
57
55
72
56
62
57
57
56
61
56
54
54
55
56
68
57
56
57
56
56
57
57
74
55
70
59
58
57
58
57
67
57
57
56
54
54
55
69
57
57
67
56
56
55
56
67
54
75
57
63
57
59
56
65
56
57
55
55
54
57
56
55
75
55
56
56
56
54
78
55
55
54
54
57
57
55
73
54
54
54
55
56
56
56
56
56
55
84
69
79
77
76
67
87
68
66
77
67
67
73
69
66
71
69
83
64
62
61
61
59
58
59
68
57
57
56
57
66
56
57
56
56
56
54
54
54
69
54
54
54
56
56
57
76
57
56
59
54
54
69
56
56
55
55
57
57
57
71
56
56
56
72
56
56
57
56
74
56
54
54
55
54
54
54
54
71
56
56
56
56
55
64
54
54
54
54
54
55
54
56
78
56
56
59
57
54
69
59
59
56
59
56
54
54
54
70
60
56
58
56
86
58
61
57
57
57
70
57
56
56
56
55
54
54
65
55
54
54
54
54
54
54
54
54
54
56
80
56
54
55
54
58
56
56
65
54
53
68
56
56
54
54
65
58
56
56
54
54
55
54
55
55
54
54
82
56
56
54
55
54
55
55
68
58
58
57
56
55
54
55
54
54
54
54
87
56
57
55
54
62
59
56
56
57
54
54
54
66
56
54
54
54
64
57
56
56
54
54
67
56
57
56
55
54
54
54
54
61
74
57
57
56
56
55
54
54
54
72
56
56
56
54
55
55
56
55
90
58
63
56
57
56
57
67
56
56
56
56
57
57
67
56
56
56
54
55
54
64
57
57
66
57
57
59
70
54
54
54
54
55
54
54
73
54
55
54
54
70
57
56
54
54
54
54
54
55
54
57
70
57
56
56
58
57
55
55
55
55
72
60
57
57
56
56
54
54
68
56
56
56
56
56
56
54
55
91
58
56
56
56
58
57
56
54
72
56
56
56
56
56
56
56
55
54
54
66
56
57
57
69
59
56
56
56
54
55
68
54
54
54
58
57
56
55
55
69
61
57
58
58
56
56
55
54
54
54
79
54
54
57
54
69
60
56
75
57
67
56
56
58
56
55
55
72
54
54
54
54
54
71
56
56
57
56
54
55
70
56
56
56
54
67
55
55
54
54
56
75
56
57
58
55
54
55
55
55
55
114
57
58
56
56
57
56
56
56
56
72
55
54
54
66
56
56
57
54
54
54
54
54
56
77
56
56
57
54
54
55
54
54
54
70
61
56
54
55
55
54
54
54
57
81
57
56
56
56
54
54
69
56
59
56
56
57
55
55
55
75
57
57
61
57
56
82
56
56
56
54
55
62
57
56
55
63
55
54
54
54
54
54
67
56
56
54
54
66
56
56
56
56
56
55
66
57
56
56
55
55
55
67
57
56
56
55
54
67
57
56
56
55
55
54
54
54
55
55
70
57
58
57
59
58
56
55
54
54
54
54
54
54
77
57
56
57
56
57
55
54
97
57
57
57
57
56
70
59
55
55
54
55
59
54
54
55
55
72
57
59
56
56
54
54
55
57
70
56
56
57
57
54
54
54
55
73
56
56
56
57
57
58
57
74
56
56
59
56
56
55
76
74
71
69
67
87
64
64
61
61
62
62
60
60
62
60
56
57
71
57
57
56
56
51
51
52
53
52
67
52
63
51
51
51
52
63
50
49
50
50
51
53
53
63
51
53
65
53
53
55
56
68
56
55
54
54
54
55
54
67
54
56
57
57
56
54
66
56
57
57
79
56
56
56
55
66
57
57
57
57
57
56
55
55
54
70
57
56
56
56
56
56
66
56
57
57
58
57
56
57
57
57
60
56
56
75
57
58
58
58
57
55
55
56
56
56
56
76
57
68
57
57
56
67
56
56
57
57
69
56
55
54
54
69
57
56
56
54
57
68
57
57
56
54
54
56
60
55
54
56
54
54
68
56
56
57
56
54
54
73
56
56
58
56
56
54
55
58
64
57
57
57
57
57
57
70
56
56
56
55
54
67
56
56
57
54
55
54
55
54
72
55
54
54
54
56
56
57
56
67
56
56
56
57
54
55
54
55
55
54
55
55
54
54
74
57
57
57
56
54
54
57
54
56
56
57
76
57
57
80
57
57
56
55
65
54
57
56
55
55
54
70
55
57
59
56
55
54
55
55
68
56
56
57
55
55
55
54
55
57
54
58
73
56
57
56
54
54
54
55
55
54
70
57
56
57
56
56
55
55
54
55
55
54
71
57
56
56
55
55
55
93
57
57
67
57
57
56
57
56
58
67
56
54
54
55
63
54
55
55
56
56
64
57
57
56
54
54
54
55
70
57
56
56
56
54
67
57
57
56
54
54
54
54
58
57
59
70
56
57
56
56
59
56
56
56
54
66
58
57
58
57
56
59
57
70
59
56
56
59
56
56
55
96
56
65
56
57
57
56
54
55
54
54
54
56
58
57
66
57
59
56
56
55
54
62
56
56
56
54
55
54
54
55
54
66
56
56
55
54
54
55
54
71
54
54
54
58
54
55
55
65
58
57
56
57
57
58
54
69
56
56
54
54
54
54
55
54
55
54
77
57
57
57
56
56
56
56
57
54
54
72
56
56
56
56
69
56
56
55
55
54
54
54
54
55
54
68
56
56
56
56
56
57
87
57
66
56
57
56
57
57
56
56
75
57
58
57
70
56
56
56
55
54
54
63
57
57
57
54
62
57
56
56
57
67
55
54
54
56
71
57
57
56
54
55
55
72
56
57
56
57
55
55
54
54
54
72
57
57
56
56
54
54
55
76
57
56
56
56
55
56
55
55
55
57
58
57
74
57
57
56
56
67
57
56
54
54
54
55
56
65
54
56
56
69
56
57
56
54
64
55
56
57
56
55
55
54
68
56
57
56
54
55
54
70
57
57
56
57
57
55
54
54
72
54
55
55
54
54
55
55
56
80
87
66
83
68
67
68
68
68
68
67
67
106
71
70
67
66
75
62
62
61
58
59
59
59
57
56
76
56
57
57
57
60
56
56
55
55
55
54
55
73
56
57
56
54
54
55
54
55
69
57
73
56
57
57
56
55
58
57
69
59
57
55
54
55
55
54
54
55
55
71
54
55
55
55
55
57
56
56
54
75
55
56
57
54
54
55
55
54
55
73
57
56
58
57
56
56
91
56
67
57
56
56
57
66
57
56
57
56
55
55
55
54
54
71
57
58
58
57
58
56
57
65
56
56
56
56
54
54
55
55
66
55
54
64
54
56
56
57
57
65
56
56
57
56
65
54
55
54
54
56
57
56
54
77
54
56
66
57
57
57
57
57
55
55
54
54
54
54
77
54
55
54
55
56
58
57
70
57
58
57
57
55
54
56
66
56
56
56
56
55
55
70
56
56
56
55
55
55
56
56
69
57
70
57
56
59
56
66
54
57
56
56
56
56
54
68
55
54
54
54
55
56
57
56
79
56
55
55
55
54
54
54
68
56
59
58
59
59
58
56
56
56
82
56
57
58
56
55
68
58
58
55
55
56
56
56
56
58
57
58
76
58
57
56
56
56
55
55
69
58
58
58
57
57
55
55
103
58
58
58
58
57
55
54
54
54
54
54
55
70
57
57
56
57
57
55
55
78
57
57
57
57
58
57
56
55
54
68
57
57
57
57
69
57
56
54
54
54
54
55
56
84
56
59
57
57
55
54
95
57
68
57
57
57
73
57
57
57
57
56
55
55
67
56
57
56
56
54
55
54
55
54
71
57
57
59
57
58
57
57
68
57
56
56
55
54
62
57
57
57
57
69
56
57
57
55
54
70
57
56
54
66
56
57
58
57
56
78
54
54
55
65
56
58
57
57
55
55
54
55
65
57
56
56
57
65
56
56
56
56
56
55
54
55
55
74
55
57
58
57
58
57
69
56
54
55
54
55
54
54
54
54
73
56
57
56
56
57
87
57
56
54
54
55
66
57
60
56
55
54
55
54
57
77
57
57
56
55
54
54
67
57
59
57
57
57
57
56
75
57
57
57
56
69
57
58
58
57
57
61
55
87
57
68
58
57
57
67
57
57
56
56
56
76
57
56
55
54
54
55
55
64
56
57
56
54
54
56
54
55
54
55
57
84
61
55
56
58
58
57
67
57
57
55
56
56
55
72
55
58
58
57
56
56
56
56
59
59
77
59
58
58
56
56
56
67
58
58
56
66
56
56
57
56
55
54
54
57
54
56
57
58
81
56
56
56
78
56
56
56
56
57
57
57
56
67
57
56
57
54
54
55
86
57
56
55
54
63
57
57
56
55
55
54
55
55
55
56
56
57
57
77
56
57
57
57
54
54
55
54
55
54
54
79
58
57
57
56
56
54
54
55
69
58
56
57
56
57
56
55
54
56
56
74
66
56
58
56
57
56
55
67
56
56
56
55
56
57
57
57
56
56
72
57
57
57
57
55
56
56
55
55
55
57
56
72
57
57
56
56
57
56
73
68
57
57
56
55
55
68
57
57
56
54
55
54
55
68
57
56
56
63
57
57
58
66
57
57
58
58
57
55
56
59
55
56
56
56
56
74
58
58
58
58
58
58
74
58
59
59
59
58
92
66
59
58
58
58
73
58
71
58
57
56
56
55
56
56
56
77
58
57
55
62
56
56
58
66
57
58
57
56
55
55
55
58
58
56
55
83
55
56
56
57
57
58
55
66
56
56
56
55
55
56
57
74
59
59
58
58
58
57
56
55
69
58
58
58
58
56
66
56
55
56
57
58
59
58
56
56
78
56
56
54
55
55
57
54
54
54
70
56
57
74
57
57
56
57
69
57
56
57
58
55
55
70
57
57
57
56
56
55
54
54
55
54
56
81
57
57
57
57
54
55
68
57
57
57
57
54
54
54
105
56
56
56
57
56
72
56
57
56
56
55
54
71
57
56
57
57
55
54
67
57
57
56
57
56
57
54
72
54
55
56
54
55
54
72
56
57
57
54
54
54
55
55
57
70
60
57
57
57
57
56
56
55
54
57
54
55
55
56
74
57
57
57
54
54
55
75
66
56
58
57
57
56
56
56
66
56
58
58
57
56
56
55
56
56
55
56
68
58
59
58
57
58
58
57
67
57
57
58
56
55
56
56
59
58
56
58
129
58
58
58
58
70
58
58
58
58
58
58
58
57
55
67
58
58
58
56
55
56
55
56
72
56
55
56
55
56
70
58
58
58
58
55
56
56
56
56
56
56
70
58
58
58
56
55
56
65
82
75
73
