508
468
426
419
475
406
425
415
406
439
424
444
409
404
413
402
394
430
411
434
409
396
433
394
398
438
410
432
402
400
416
411
400
401
436
413
414
460
406
408
458
435
421
418
464
405
407
397
392
424
398
432
419
421
473
395
420
415
397
399
403
473
404
425
393
407
401
399
442
415
411
402
421
450
430
399
398
427
435
398
395
428
410
431
408
400
450
417
399
416
424
440
397
398
425
409
412
393
410
413
447
399
395
436
399
420
408
410
470
392
413
407
403
415
391
397
457
418
407
399
428
408
396
396
397
437
411
407
409
396
413
411
396
443
397
399
420
403
394
413
416
396
404
396
418
443
456
413
407
440
461
411
409
431
410
395
418
409
397
437
397
440
403
399
401
426
394
396
433
443
406
396
422
402
394
397
416
425
430
408
407
405
396
399
422
413
426
403
489
396
410
399
394
417
399
404
412
415
465
395
393
410
399
409
421
417
394
426
441
396
396
422
402
388
456
411
401
500
397
403
426
405
421
400
422
397
422
436
408
394
417
400
399
419
401
423
477
398
412
397
398
417
403
410
405
414
417
439
396
418
402
403
410
417
435
490
421
415
425
408
442
427
399
440
410
429
421
412
397
408
421
389
413
442
409
400
395
412
426
401
496
398
398
413
398
436
438
401
464
402
395
418
395
407
411
472
396
394
414
416
409
397
440
416
397
412
397
417
408
392
451
408
423
398
429
401
396
509
419
406
429
402
400
415
413
399
453
415
402
410
395
410
396
398
427
396
407
445
422
410
398
408
459
401
410
428
407
396
415
408
403
480
401
408
396
453
394
400
415
433
396
412
419
418
417
412
410
530
416
416
423
398
402
443
409
397
397
425
395
399
426
399
433
410
466
420
409
427
414
416
400
419
405
447
411
398
443
406
396
394
420
461
405
401
408
396
412
409
417
408
411
401
409
439
404
431
419
435
402
406
414
409
398
421
391
426
394
410
411
402
395
460
417
398
400
435
437
407
403
395
401
415
397
395
417
396
394
423
393
396
435
425
408
423
396
412
418
396
397
418
407
426
409
399
477
395
396
419
395
410
416
400
408
426
409
415
459
424
444
404
407
395
401
427
396
429
405
399
472
391
437
401
395
405
426
420
431
401
394
401
430
398
416
420
410
395
410
446
398
408
414
399
428
397
418
435
398
396
438
414
398
415
392
482
393
416
395
427
394
398
419
389
438
420
415
407
398
414
401
410
396
476
396
403
425
407
420
398
411
445
416
399
413
429
398
417
446
396
401
413
408
433
398
395
416
436
404
396
414
435
399
397
438
412
414
406
396
444
402
454
397
405
456
487
448
448
439
472
401
396
400
454
397
430
396
397
407
441
394
398
429
415
404
410
411
474
396
405
417
407
410
419
392
432
397
419
394
398
450
403
409
427
401
396
446
409
410
407
425
397
421
396
402
409
412
403
399
420
399
414
452
461
408
432
402
395
408
395
426
398
476
410
397
414
406
397
398
418
444
406
422
406
406
408
421
396
396
402
411
399
422
401
412
453
394
394
452
409
396
429
404
400
501
393
440
407
397
396
419
423
476
489
415
437
422
411
417
429
397
394
423
456
395
397
444
397
402
423
399
410
470
430
404
396
397
401
429
407
401
489
396
429
404
396
396
426
464
397
429
408
400
419
410
402
411
414
443
395
397
427
419
401
453
450
396
395
427
393
411
397
401
460
399
404
398
422
397
394
471
408
396
423
394
396
397
486
400
404
421
408
398
416
393
479
397
403
421
408
394
392
397
397
431
396
429
393
462
393
395
419
406
399
407
425
409
407
404
407
397
410
450
435
525
414
429
417
457
396
424
405
414
414
450
394
422
419
421
413
397
395
438
399
395
413
393
426
395
445
392
415
413
397
396
423
404
455
392
399
422
392
417
390
410
434
418
399
411
410
403
434
431
440
399
394
420
396
403
425
403
482
411
398
411
399
394
430
421
427
438
395
395
442
396
420
395
428
418
399
396
426
416
416
401
494
398
403
397
435
396
417
393
397
425
451
403
421
413
395
396
426
425
407
393
407
393
404
414
407
417
417
456
408
410
417
409
449
417
441
411
398
393
396
455
392
457
407
394
416
391
425
414
414
398
420
393
396
453
394
392
408
396
432
402
409
398
404
419
413
399
398
436
406
397
403
395
398
446
449
409
396
418
396
412
397
408
435
415
403
418
443
409
395
397
401
397
411
440
410
398
460
396
416
397
416
396
423
401
439
397
402
407
406
440
418
398
469
396
394
421
423
418
481
401
397
428
397
417
417
418
403
398
402
394
397
415
402
432
443
421
414
489
511
468
437
410
472
394
430
398
399
448
412
408
394
414
395
398
428
410
396
484
413
418
397
398
417
414
407
409
471
392
399
414
392
397
434
400
465
396
410
395
396
408
425
410
517
398
421
396
399
407
396
434
420
420
395
404
395
398
398
423
420
407
411
398
396
408
393
420
400
410
424
412
393
398
420
396
440
409
415
392
400
511
395
418
402
433
399
397
440
411
467
398
395
424
406
395
433
396
417
407
405
462
411
408
431
410
429
421
414
409
449
407
435
397
395
418
410
402
413
417
394
459
398
393
416
394
411
402
425
418
440
413
422
395
401
434
396
408
413
404
396
398
434
432
396
414
412
413
483
398
416
419
402
398
428
394
438
454
392
422
433
396
397
413
413
398
403
396
407
439
407
396
396
433
420
396
458
400
397
424
416
395
403
402
503
416
406
418
400
410
397
503
410
436
395
398
445
405
397
394
467
409
395
414
421
398
428
407
452
413
396
397
455
422
412
435
435
421
465
407
393
434
412
404
398
425
410
426
397
421
389
396
419
393
438
393
510
396
410
399
397
411
412
420
409
395
478
396
394
422
421
407
400
417
404
397
399
408
408
428
412
400
397
396
415
394
394
465
396
406
393
421
397
396
421
415
478
396
396
429
410
421
397
397
412
473
410
424
402
398
413
395
410
435
423
397
469
389
417
406
408
405
427
396
410
393
398
429
393
445
419
407
395
395
406
396
396
433
414
406
396
410
438
411
432
436
418
422
413
415
514
429
406
413
399
418
393
409
396
489
396
435
400
420
411
402
404
399
396
445
413
389
446
401
402
397
414
399
408
397
443
396
397
413
412
404
414
428
394
395
425
394
419
400
401
416
428
426
397
413
447
419
406
416
405
399
415
398
409
414
407
415
453
395
408
395
394
428
390
401
453
445
401
394
428
408
415
406
427
461
396
413
402
404
410
398
408
427
437
393
429
398
395
427
402
430
408
412
424
409
436
444
435
458
435
495
409
398
416
401
420
414
421
397
397
396
426
398
413
406
397
440
405
448
393
398
453
429
405
394
467
400
397
399
419
394
425
399
498
396
415
394
398
411
437
405
398
422
399
401
441
405
410
400
485
426
408
395
401
439
406
432
433
428
395
397
417
395
421
481
412
395
397
413
397
436
408
409
465
414
403
394
398
421
418
419
406
395
420
398
412
395
430
397
470
395
411
397
395
447
399
419
407
446
395
398
395
399
457
405
442
411
419
413
414
452
415
402
420
426
473
396
412
395
417
403
407
408
424
389
457
411
397
396
422
408
420
396
412
409
399
413
398
435
427
415
396
400
413
459
395
427
406
395
428
396
412
394
404
433
410
399
415
394
412
422
412
407
452
416
413
394
402
441
411
397
512
406
397
440
399
412
407
395
397
431
453
407
395
415
408
418
402
442
443
396
395
410
402
433
395
419
399
396
424
394
419
411
395
415
472
398
398
396
419
396
429
409
449
480
407
410
426
414
426
401
426
394
402
400
395
414
396
423
408
411
412
464
394
412
401
438
401
418
398
418
416
397
409
418
430
428
404
397
395
409
396
396
414
406
416
396
402
502
394
398
416
420
405
450
416
432
451
402
405
402
424
398
397
422
420
411
409
398
411
436
397
396
459
395
423
398
421
433
408
398
426
424
409
401
414
415
395
417
400
404
422
397
420
467
396
399
413
395
396
418
397
432
412
396
400
409
397
407
429
468
432
421
414
425
410
425
409
412
445
395
400
407
396
426
411
422
415
448
398
395
413
394
429
424
428
400
402
404
412
396
397
426
407
405
418
398
478
394
411
398
399
427
409
412
397
395
465
398
397
410
426
397
422
408
396
396
418
407
414
396
411
394
411
397
408
505
417
398
426
417
395
399
449
429
410
397
414
391
416
412
398
410
421
416
397
420
418
425
474
396
402
457
395
421
428
421
412
419
402
409
430
414
446
394
419
405
396
412
445
416
410
433
410
409
447
432
506
394
418
391
408
398
395
455
396
455
394
395
413
416
395
413
410
396
476
413
398
421
403
396
411
435
437
396
405
395
399
428
441
406
396
415
393
394
397
417
413
410
467
401
409
394
426
406
425
432
452
397
413
404
399
398
426
420
417
442
405
399
419
399
399
436
424
414
400
402
400
425
408
397
481
395
396
417
407
408
411
436
420
457
399
433
397
414
403
398
432
492
398
407
398
397
433
397
456
421
399
484
421
414
431
412
436
419
409
398
443
407
401
409
395
413
431
409
413
406
397
402
434
426
397
394
395
421
398
413
405
406
404
416
415
406
461
397
399
439
417
414
398
429
450
401
403
419
432
400
424
405
396
461
398
419
408
401
460
404
406
471
395
409
413
407
432
397
397
441
444
398
410
407
418
398
411
395
413
450
397
412
425
397
396
416
396
454
396
417
402
398
417
400
400
450
462
396
413
465
436
402
412
417
414
434
414
417
404
466
418
410
420
444
501
411
416
443
397
426
400
417
412
434
442
396
430
396
419
394
433
402
422
400
433
398
415
436
413
481
401
401
416
404
400
422
396
437
394
409
397
396
418
464
399
433
394
395
419
409
452
393
429
412
421
395
394
416
409
396
415
394
410
421
403
418
401
474
400
406
410
432
410
399
397
397
420
397
402
435
395
396
434
453
395
394
399
436
419
398
409
411
393
398
507
424
395
399
428
404
397
459
392
419
461
394
401
428
408
436
399
414
427
409
422
397
431
413
404
482
403
414
397
423
395
405
437
468
419
395
403
415
396
418
407
422
458
397
395
437
411
425
412
393
405
471
396
397
432
410
402
397
415
407
399
493
395
397
411
427
396
424
398
414
399
396
423
401
410
407
410
417
396
414
397
491
398
399
428
399
400
419
401
396
442
409
426
411
395
395
420
400
465
400
403
418
397
440
396
416
394
406
396
413
426
412
390
443
394
397
418
408
402
418
412
403
441
438
419
444
438
457
414
422
398
397
437
453
399
395
426
401
440
408
407
402
405
425
398
396
410
396
399
414
411
419
396
456
397
399
424
393
454
416
416
459
395
403
419
405
409
408
431
416
450
402
399
398
399
435
400
392
428
457
392
405
410
422
399
394
452
393
411
409
463
400
405
395
435
393
410
398
397
420
423
409
395
407
395
418
404
397
439
411
401
464
395
398
440
414
404
426
398
422
439
393
396
423
422
411
409
395
466
399
412
412
436
432
430
413
417
500
422
418
397
408
418
412
409
401
421
405
394
404
458
403
415
413
394
395
420
419
414
419
397
400
394
412
400
396
429
401
420
414
430
394
399
419
409
404
422
393
410
400
484
397
403
410
402
441
407
396
396
451
407
424
399
421
413
398
408
458
397
403
431
407
395
