291
91
55
74
63
74
78
86
84
96
86
96
84
81
89
92
92
88
90
82
77
78
84
80
99
77
78
77
85
76
80
75
86
79
77
85
73
73
73
82
73
72
74
69
75
74
76
71
66
74
69
71
72
79
70
73
73
73
73
82
73
75
74
83
83
77
74
74
82
73
73
72
93
91
72
73
73
73
79
73
79
70
70
81
72
72
83
71
71
77
74
78
74
72
73
73
81
73
86
70
69
78
70
87
73
73
71
73
85
72
73
78
73
74
73
73
83
70
75
70
79
70
73
70
70
70
86
71
70
70
71
70
84
73
76
72
70
92
72
70
71
77
70
71
72
77
70
70
78
74
77
73
70
85
83
72
76
70
72
73
72
71
79
70
74
72
72
85
73
73
72
76
71
71
80
81
70
77
73
71
70
71
91
71
83
71
71
82
72
71
80
72
77
72
72
79
73
72
71
75
83
72
71
71
79
70
74
71
77
71
95
73
77
73
74
75
83
73
71
71
80
70
71
71
80
70
71
73
78
71
71
71
70
103
73
70
70
73
78
71
72
80
71
71
72
82
71
77
72
72
76
83
73
74
71
74
80
89
102
95
108
87
86
93
84
80
91
78
76
77
74
73
74
84
74
73
70
68
66
66
72
66
69
63
69
64
66
67
65
63
64
71
66
66
66
80
66
66
69
80
81
86
68
70
75
80
70
70
80
79
71
71
78
71
72
73
80
71
80
71
71
71
82
72
71
71
71
83
73
71
71
71
71
71
81
72
77
69
69
70
77
72
70
70
70
72
71
88
71
70
81
71
70
69
70
78
70
70
70
71
78
71
70
70
79
70
72
75
80
73
72
72
77
70
70
78
71
70
70
71
77
70
70
70
78
70
70
70
79
69
70
70
81
73
70
70
70
71
79
70
70
70
79
69
70
74
85
82
71
74
71
93
71
70
71
78
71
81
72
72
72
71
79
74
75
78
71
72
77
72
71
80
80
71
80
71
71
72
72
71
79
71
74
71
77
73
71
72
76
71
80
72
71
81
73
71
71
71
88
70
71
71
79
72
77
70
71
78
72
71
73
72
82
72
75
71
78
70
71
78
70
70
73
77
71
73
72
68
78
71
70
70
78
72
83
71
70
78
71
72
71
71
79
71
72
71
71
78
70
81
71
79
69
69
70
91
80
75
71
72
79
72
71
73
73
78
71
70
70
70
81
71
73
71
84
74
71
71
71
78
72
71
70
73
72
81
82
72
78
71
73
71
71
80
71
80
73
71
70
78
72
71
86
71
78
71
71
70
73
71
84
77
73
71
78
72
71
71
73
70
79
71
71
70
80
79
71
71
71
78
83
80
71
71
71
72
71
79
71
73
69
71
81
71
71
71
79
71
70
78
81
70
71
80
71
71
88
71
70
69
77
73
72
72
72
71
81
72
78
71
80
71
70
72
70
79
71
85
75
70
78
72
71
73
79
70
73
85
70
79
70
71
81
74
71
72
71
82
71
71
73
79
74
72
71
70
79
72
71
71
111
96
103
88
84
86
80
102
77
76
85
76
75
74
73
82
74
73
81
73
66
66
66
68
69
64
65
63
62
63
67
66
64
74
66
74
69
69
68
69
68
71
82
70
71
85
88
71
71
81
71
71
83
74
74
73
81
72
71
71
77
71
74
71
80
71
82
74
79
71
71
71
81
70
73
70
72
74
78
70
71
70
83
73
72
70
82
72
71
77
71
71
73
71
79
72
71
80
72
71
78
72
71
73
71
79
72
72
70
78
70
80
73
71
71
71
70
78
71
74
71
70
71
72
82
71
71
79
73
70
78
77
78
73
72
72
71
77
72
71
78
71
71
73
79
72
70
77
71
80
95
77
72
73
75
85
74
71
81
71
71
71
80
70
71
71
71
80
70
71
79
85
71
91
71
71
71
77
71
71
71
70
78
71
72
71
73
78
71
77
71
80
71
71
82
71
71
86
70
77
70
70
72
79
73
94
84
104
98
86
87
93
116
87
86
88
103
86
86
84
101
80
79
75
84
76
75
81
73
78
74
73
78
70
71
71
81
71
78
71
72
76
80
70
78
71
71
71
71
77
72
71
71
75
80
71
71
76
77
71
72
78
70
70
73
80
71
72
73
74
71
80
71
80
72
71
78
71
71
70
71
71
71
80
72
77
71
71
71
71
71
72
70
81
70
77
71
71
71
71
73
92
70
70
81
72
73
70
71
71
81
72
71
78
70
78
71
81
71
71
70
69
79
75
69
70
72
81
70
71
70
69
79
76
75
69
71
71
80
72
70
71
78
70
70
71
98
70
70
70
73
73
81
72
79
74
70
71
79
70
71
81
70
70
70
71
73
83
70
70
71
95
71
80
70
71
68
80
70
71
77
70
71
72
79
71
71
72
80
70
70
69
80
70
83
70
70
79
71
70
77
71
79
72
72
78
71
73
70
71
71
80
70
78
71
70
71
71
71
71
70
69
77
70
71
73
71
70
81
71
70
70
71
93
70
70
83
71
71
76
74
69
70
78
71
70
71
76
68
69
103
71
71
72
72
79
72
75
73
77
70
71
77
70
71
81
70
71
77
93
71
73
70
68
69
72
80
74
71
71
77
71
70
74
69
80
71
76
70
78
70
71
77
70
71
72
71
77
68
72
71
70
72
82
71
74
71
79
73
72
71
71
79
69
68
69
71
71
81
71
70
77
71
70
73
70
78
77
70
68
68
71
78
70
71
70
71
71
70
81
70
70
71
81
71
70
72
73
78
71
70
70
74
78
71
72
71
72
71
71
81
71
71
81
86
72
77
71
78
71
70
72
79
81
71
71
71
71
79
70
75
71
87
70
71
70
70
72
79
71
71
71
72
78
73
70
71
79
72
71
77
70
71
72
71
78
71
72
72
71
87
71
72
71
71
78
71
71
71
73
80
71
76
77
70
71
80
72
71
71
71
71
78
70
74
85
86
71
86
71
71
71
70
78
71
76
81
70
71
71
82
71
70
84
78
71
70
71
78
73
72
79
71
71
79
74
77
74
71
78
71
75
70
78
71
71
72
71
70
81
70
70
78
70
73
71
77
71
70
70
79
70
70
79
70
81
71
70
76
77
70
71
71
81
71
70
72
71
80
72
73
72
71
79
71
81
71
72
71
80
71
70
82
70
70
70
69
69
86
80
71
71
71
71
80
70
76
84
70
73
70
72
78
71
71
71
73
72
79
70
71
70
68
78
70
72
70
70
99
73
75
71
74
82
73
73
71
71
78
70
73
71
78
72
72
70
88
71
75
77
71
76
70
71
77
70
71
72
71
80
71
71
71
71
70
80
80
70
72
83
73
72
70
71
71
77
71
70
71
86
74
72
71
71
74
82
73
74
79
71
70
71
78
78
71
79
73
81
73
76
84
73
75
70
73
79
72
71
84
71
80
71
70
79
74
71
77
70
70
78
71
70
70
79
71
83
70
72
71
79
141
95
92
103
86
85
81
88
86
75
75
75
73
85
83
73
73
69
73
68
66
64
70
61
65
61
68
64
64
64
64
63
73
67
68
70
74
70
74
70
70
70
70
81
70
70
70
69
79
80
73
76
72
77
71
71
80
71
71
70
70
79
70
70
70
70
72
76
74
70
71
84
70
70
84
70
76
79
77
70
70
76
70
71
79
75
70
72
73
75
69
68
80
70
70
70
70
94
70
88
70
72
78
70
72
79
71
72
72
71
79
71
77
70
74
71
71
83
86
69
70
71
83
70
70
70
84
71
89
70
70
84
78
70
77
70
79
71
70
75
69
68
92
71
69
70
79
71
70
73
70
77
71
71
71
73
103
115
88
86
97
96
98
86
116
87
88
99
86
85
81
86
80
76
82
76
75
72
82
81
73
73
84
73
73
81
71
74
70
82
70
85
71
71
83
70
71
70
80
77
80
73
72
74
73
82
73
72
79
86
75
76
72
80
70
70
73
79
70
76
70
79
71
71
84
73
75
83
88
71
70
70
70
73
89
72
70
71
73
71
74
81
71
86
74
81
78
70
71
71
73
79
71
71
75
82
73
71
71
71
88
78
70
76
71
71
76
70
70
79
71
71
70
71
84
72
70
68
75
72
71
79
70
71
72
84
73
71
70
69
80
71
70
73
68
71
71
70
86
77
72
71
71
80
72
72
70
79
70
71
76
70
71
82
70
71
73
70
68
82
72
71
80
70
70
71
72
82
71
70
69
79
70
70
68
69
71
82
70
71
70
80
70
71
70
78
71
71
77
71
79
72
72
73
78
72
72
71
70
77
70
86
71
71
80
70
71
71
71
70
70
98
74
69
80
68
72
71
81
71
71
71
83
70
70
71
83
79
71
70
77
75
75
70
70
71
68
78
71
87
77
71
74
72
80
71
71
71
73
70
80
70
71
71
77
76
71
71
79
73
71
72
77
71
70
78
71
70
81
70
69
70
79
70
71
70
69
72
78
71
70
84
69
70
70
75
70
83
73
71
71
70
70
80
71
71
70
80
71
71
76
70
76
70
70
88
70
70
83
79
70
69
70
73
70
71
85
72
70
82
77
70
70
70
69
77
70
70
71
70
77
73
70
70
71
70
84
70
70
75
77
78
70
75
96
73
71
81
73
70
70
77
79
71
70
70
72
81
77
71
70
81
71
81
70
70
70
71
71
78
70
70
73
81
70
69
70
70
70
71
70
81
70
75
70
72
82
73
72
70
70
84
78
71
70
70
70
71
82
70
71
71
78
70
70
69
77
70
70
71
77
70
70
70
77
71
91
69
70
71
71
79
70
69
78
83
71
88
76
72
76
70
70
69
81
71
71
71
69
76
79
70
85
70
75
80
71
72
71
83
73
72
77
71
70
78
71
71
71
77
71
70
70
78
71
69
78
71
69
70
85
71
80
69
75
83
72
70
69
76
70
71
71
70
69
78
70
70
69
70
78
71
72
75
70
70
69
79
71
71
71
78
73
71
71
70
78
71
76
70
71
71
71
91
71
70
69
79
70
76
70
70
78
70
70
70
70
79
69
70
79
72
70
71
71
69
78
76
71
69
79
73
69
71
99
81
68
87
79
71
81
71
70
78
70
71
72
70
86
70
70
85
82
71
87
71
71
71
72
78
70
70
70
71
79
70
71
68
75
78
70
70
79
74
71
81
70
76
69
81
74
110
94
90
87
96
82
82
78
87
77
76
83
75
74
71
82
74
72
84
76
71
64
63
92
68
63
62
61
61
59
61
72
69
65
66
74
68
69
68
76
70
70
68
78
70
74
78
69
70
77
70
75
71
79
71
77
71
77
69
93
80
70
78
73
73
72
78
70
71
79
73
72
70
71
83
72
70
70
71
70
81
70
85
83
73
72
72
69
70
71
78
70
70
70
70
77
70
70
70
78
70
73
70
70
83
70
70
70
71
78
70
71
71
72
72
82
74
73
71
71
82
72
71
71
71
96
70
72
70
70
83
70
71
79
71
71
82
71
70
77
71
70
80
71
75
77
70
77
71
94
185
104
103
104
122
108
96
99
137
156
103
87
89
90
92
98
75
78
94
75
78
70
73
89
75
88
71
81
73
101
76
74
76
78
104
89
90
79
92
86
80
83
80
104
79
79
92
80
81
105
81
109
92
79
92
79
79
82
79
80
89
80
79
81
96
79
84
83
79
