82
67
69
87
71
69
69
75
84
92
67
75
78
74
79
66
68
66
90
67
82
67
68
71
95
68
70
69
66
69
80
68
80
67
76
72
68
67
82
67
78
94
70
78
66
72
73
82
93
71
79
67
73
66
69
85
70
71
86
90
67
69
76
66
67
67
67
76
94
70
66
76
69
66
66
92
67
66
95
73
75
66
65
81
67
91
73
74
68
66
89
66
76
66
83
66
68
74
103
67
84
79
66
66
101
74
72
67
66
66
74
70
67
66
68
82
72
77
91
68
80
79
66
152
80
81
73
66
84
73
66
66
70
94
66
66
65
90
65
67
70
70
84
77
82
80
74
77
86
66
71
82
67
78
67
78
66
67
66
83
67
66
81
68
96
74
81
66
67
68
88
66
81
77
80
69
66
97
66
71
110
80
78
75
68
83
76
79
67
70
89
66
66
67
89
66
66
82
66
78
66
67
70
69
66
66
76
73
67
74
80
66
79
67
67
85
67
66
67
81
103
81
85
97
68
69
106
66
69
76
68
66
84
82
68
75
79
82
92
86
70
69
75
87
74
82
72
69
74
71
122
69
68
81
77
73
66
82
94
70
80
67
100
89
66
68
76
86
66
72
69
66
68
79
86
68
66
67
70
90
70
75
82
89
84
69
84
84
66
81
68
82
74
67
75
67
67
70
68
76
97
75
66
69
85
71
73
83
79
86
73
68
82
74
69
66
68
74
89
66
114
86
68
84
98
67
66
67
86
68
80
67
76
83
78
76
84
67
80
101
67
67
69
66
66
92
68
69
81
86
79
73
68
66
84
70
69
76
80
68
94
66
66
101
68
73
77
70
66
80
68
71
66
72
96
69
93
73
76
68
67
91
82
79
66
82
66
66
67
65
83
66
66
72
78
82
73
94
67
66
67
81
68
88
66
66
94
81
104
66
67
74
72
66
74
74
67
67
85
67
66
97
69
67
74
84
101
94
66
67
75
67
73
81
80
82
81
74
66
67
97
67
74
68
78
90
67
90
73
76
67
66
85
78
83
81
66
66
66
81
74
73
66
77
86
65
75
75
80
83
82
66
98
78
68
77
68
86
68
80
85
69
74
72
98
67
72
74
91
77
68
81
98
70
85
69
83
73
69
69
92
69
67
96
80
66
83
89
68
70
127
70
86
74
80
66
71
96
82
89
70
113
70
78
65
83
81
66
85
88
80
74
67
82
73
96
72
72
88
82
77
69
77
81
74
68
70
78
96
71
69
94
75
119
93
72
69
73
69
67
92
67
78
76
84
77
82
70
84
96
72
104
88
81
83
77
74
68
68
89
82
68
67
68
68
103
70
85
70
83
87
98
69
73
74
67
87
77
67
69
76
82
77
66
75
74
80
68
67
84
110
74
67
89
70
90
67
66
68
83
76
77
85
69
77
78
80
68
68
76
68
79
83
66
68
82
68
66
66
73
94
70
68
66
134
69
86
66
67
73
67
76
67
68
84
73
74
73
88
69
89
78
76
73
80
80
77
68
79
66
69
73
85
95
76
74
67
77
71
83
66
80
66
109
68
69
66
91
67
67
66
87
66
83
66
68
66
75
73
66
68
67
88
72
79
68
75
78
67
96
70
68
66
107
79
67
75
66
104
70
79
87
68
80
67
69
73
94
67
70
72
83
81
79
81
67
80
91
76
88
74
71
72
70
98
68
94
81
68
71
68
77
109
69
82
84
82
86
87
76
81
77
82
72
91
72
82
81
68
67
94
68
73
68
86
68
80
87
87
81
85
67
80
73
101
73
92
69
68
79
70
98
67
70
85
75
75
79
86
84
83
68
82
68
89
69
73
68
86
68
77
81
70
79
83
77
68
73
89
82
67
69
78
75
68
78
67
68
82
66
94
75
87
106
80
93
69
77
80
68
86
94
72
73
78
92
67
72
66
68
74
97
68
66
68
77
69
77
75
66
67
71
68
102
71
79
88
83
97
71
67
83
77
70
73
69
69
78
77
79
83
83
74
86
83
68
97
84
82
87
85
68
68
86
89
80
79
79
89
79
88
68
68
83
72
91
72
77
67
83
70
69
81
73
68
84
81
82
67
81
77
73
84
83
67
68
67
74
76
95
71
81
72
101
71
68
90
68
69
69
82
65
89
68
87
74
81
67
94
81
76
92
69
77
81
84
80
67
72
83
79
66
66
67
86
65
76
71
102
88
83
67
81
68
66
65
80
69
66
74
73
66
68
73
69
138
68
66
92
100
91
72
67
76
80
68
67
78
67
68
72
96
93
79
67
66
69
89
85
67
73
67
66
80
80
86
81
81
70
83
67
77
70
91
77
72
72
95
85
80
76
79
83
79
68
68
75
72
80
68
70
68
107
67
68
82
75
77
88
76
80
66
86
70
101
67
76
66
77
68
66
81
72
67
99
84
67
66
79
104
78
68
67
70
68
81
77
105
86
83
67
66
89
85
67
79
67
86
68
85
79
80
72
73
100
66
68
73
93
67
73
81
67
71
76
77
69
98
86
67
84
65
71
67
82
86
83
67
76
67
83
69
80
72
71
72
125
68
68
84
66
68
74
78
70
69
79
70
83
103
76
77
72
77
89
67
66
71
87
79
71
68
81
66
92
72
73
75
77
74
65
84
82
72
82
77
85
80
74
84
66
88
69
80
69
80
84
79
71
67
78
76
85
74
68
67
84
85
81
79
68
80
82
77
70
98
68
67
67
71
87
75
70
72
68
88
68
91
70
68
71
84
89
67
75
83
69
77
97
83
85
69
71
108
69
69
70
90
70
70
75
95
78
81
69
91
69
68
84
70
74
94
78
77
68
81
68
110
79
67
90
67
68
70
87
67
90
79
79
69
68
81
72
78
71
66
79
66
78
68
83
67
77
92
69
70
69
80
70
87
78
65
69
66
95
67
83
73
74
67
67
69
76
66
81
79
88
73
66
71
100
87
79
79
70
71
67
91
76
70
68
95
76
82
90
85
70
69
69
70
90
68
70
91
68
72
70
71
68
67
72
78
81
89
70
84
83
85
69
71
78
67
77
67
68
67
101
72
109
70
77
70
83
72
70
70
88
69
67
98
68
70
87
67
81
84
68
70
68
86
81
92
69
69
76
70
70
88
70
84
87
99
68
81
97
78
70
81
83
68
67
93
82
86
82
69
68
67
71
79
88
69
74
66
101
73
66
77
67
69
67
105
75
66
67
70
94
67
71
71
76
67
70
66
76
67
72
94
87
71
69
89
70
67
82
90
76
90
66
94
69
80
82
78
88
75
86
67
79
80
76
83
71
73
95
85
78
83
72
68
67
67
73
79
69
75
69
67
75
78
81
95
71
84
82
76
82
68
83
98
79
67
71
107
71
75
72
75
67
68
88
75
86
90
79
87
67
71
71
101
70
67
67
67
90
79
95
68
82
75
67
86
80
68
90
77
65
72
92
66
73
66
92
65
84
80
69
107
83
77
74
76
67
65
81
84
66
77
90
72
71
66
67
82
70
82
86
92
81
76
71
66
67
82
78
66
66
69
89
66
98
78
66
70
72
82
66
66
77
68
96
66
67
67
68
73
103
72
83
68
67
77
80
79
84
68
81
69
66
71
109
73
69
78
69
88
93
79
88
77
67
86
70
71
72
70
138
68
70
86
67
84
79
71
67
72
83
98
68
68
69
90
74
70
67
84
71
69
80
73
87
67
98
66
74
70
67
83
66
74
82
79
68
81
82
67
77
68
66
67
86
74
84
66
94
67
79
70
86
71
77
69
80
83
66
66
97
93
71
67
66
67
86
74
70
73
67
72
66
67
86
96
66
68
66
91
77
67
67
79
70
66
66
68
66
67
76
66
68
69
91
74
66
67
82
73
77
68
66
69
82
82
77
83
79
74
68
66
77
67
70
75
67
77
86
66
69
67
81
92
79
66
89
67
89
66
76
77
82
106
68
67
66
87
66
70
70
89
71
76
88
69
72
80
68
68
71
90
67
75
69
76
67
65
68
92
66
69
78
77
75
79
66
75
77
83
81
86
66
67
90
98
65
66
73
66
66
67
78
70
68
79
72
66
68
70
91
66
70
74
82
67
66
70
66
71
82
92
68
66
67
98
68
74
97
73
73
84
66
67
76
82
84
75
80
71
68
66
91
75
68
82
79
85
77
67
72
72
82
66
82
71
66
80
66
66
69
66
77
66
80
77
68
89
69
81
75
82
66
66
78
66
67
74
97
67
74
68
68
71
96
67
81
86
66
72
66
68
67
87
87
71
96
79
69
67
85
81
87
72
72
70
89
76
97
69
75
77
75
66
67
84
78
66
87
90
71
66
80
88
67
75
70
93
70
66
72
66
86
69
83
71
66
67
75
74
66
67
73
90
69
80
70
66
78
68
76
67
81
66
67
74
76
66
69
94
66
66
86
72
87
68
67
154
66
80
78
70
70
81
78
80
67
66
78
67
81
67
67
84
80
75
71
66
79
97
70
80
69
83
104
66
72
77
67
86
88
70
67
76
67
96
73
80
76
75
68
69
84
105
72
68
79
69
69
68
83
78
81
70
67
89
103
75
79
68
69
67
79
69
74
81
69
73
69
82
82
79
90
98
74
67
75
77
78
66
74
84
72
82
82
75
67
88
86
75
83
78
87
67
67
85
81
80
72
67
77
66
71
67
84
67
66
81
71
69
66
82
67
68
99
71
66
91
67
79
67
73
66
67
68
80
82
103
74
79
82
66
66
66
84
67
82
67
72
90
72
88
87
80
79
70
70
110
71
81
88
93
68
81
75
79
69
86
69
66
94
69
68
95
69
72
71
94
81
67
67
86
79
73
67
73
89
84
71
74
89
67
78
68
80
81
82
88
77
69
67
82
71
67
102
77
90
66
67
79
79
67
66
74
89
74
88
69
71
68
83
96
68
83
76
70
66
86
67
72
82
66
83
95
68
81
88
83
73
68
73
85
78
67
82
83
84
66
68
66
135
66
74
68
78
66
66
81
67
79
67
83
92
67
96
83
82
95
70
69
67
95
69
85
90
68
77
67
79
68
71
79
67
70
82
76
67
66
67
97
66
69
117
69
76
81
71
92
79
102
67
82
76
86
68
85
85
70
70
77
73
71
85
89
71
68
82
85
70
79
72
141
66
72
83
84
67
66
81
87
69
77
68
75
66
66
84
80
77
68
67
82
70
90
68
66
67
77
84
97
76
72
77
86
77
83
82
68
73
82
90
78
69
66
70
92
78
67
116
79
76
80
79
73
78
67
73
66
86
79
79
73
87
67
68
67
69
99
88
68
71
71
77
71
71
85
68
83
69
67
69
81
68
89
83
85
88
70
105
67
72
78
77
72
82
83
82
82
67
68
67
76
73
68
76
92
82
88
69
69
66
68
75
68
67
99
69
77
67
115
67
69
76
97
70
80
69
66
67
66
77
67
76
78
74
128
73
74
67
85
75
68
84
83
72
103
70
77
94
65
70
75
71
86
68
94
81
68
81
67
66
67
77
68
72
68
75
66
83
89
66
69
77
68
81
67
84
75
66
72
82
87
81
67
82
75
67
75
68
66
83
84
68
79
92
80
76
73
91
66
82
72
73
89
70
80
68
117
67
82
89
66
74
83
70
67
66
84
66
66
72
87
67
70
107
76
85
75
82
69
76
83
67
68
