417
315
284
294
291
311
285
297
274
282
275
289
328
275
276
304
277
290
290
275
272
283
277
292
290
275
283
283
272
278
273
278
299
273
293
287
282
273
303
284
277
301
289
284
271
286
276
285
272
306
281
292
283
289
274
286
270
272
288
277
288
274
274
298
290
272
286
298
272
277
271
301
279
277
273
301
311
287
293
280
290
272
287
272
288
316
286
281
307
275
289
276
273
296
283
273
282
273
282
295
291
289
275
285
277
281
337
273
290
289
273
288
285
284
286
284
306
271
273
290
290
283
276
289
282
287
274
318
273
285
287
286
293
276
287
273
309
281
311
271
296
288
303
291
284
285
298
307
339
284
298
277
290
283
273
313
272
283
274
306
282
274
296
297
317
274
286
271
289
272
272
311
290
283
272
278
307
288
273
286
270
286
286
293
288
290
271
270
282
272
282
286
270
280
316
275
282
274
283
285
274
285
270
287
272
292
274
282
280
288
272
288
286
330
272
288
276
291
288
270
281
303
283
276
309
272
272
273
274
294
283
276
295
282
292
293
291
290
274
270
298
281
273
273
282
290
271
281
284
288
269
285
294
273
289
273
284
282
297
289
283
291
272
285
289
301
273
272
299
305
274
272
295
273
290
282
273
295
275
278
270
296
276
284
291
288
273
278
276
287
274
273
284
297
302
286
272
289
273
299
288
300
300
333
303
334
303
298
280
285
293
273
303
275
302
269
278
296
282
276
284
273
296
275
293
288
278
288
290
292
289
288
313
275
283
271
280
302
283
275
283
281
286
311
274
289
280
282
288
290
277
290
273
293
297
283
320
279
275
273
283
288
280
272
271
301
290
274
302
287
274
299
281
273
281
276
288
280
293
312
286
290
273
280
287
273
296
277
286
306
281
324
285
287
270
294
274
294
271
282
275
283
331
274
269
283
275
290
271
283
279
288
270
282
303
275
290
271
286
271
283
305
271
294
314
275
282
292
282
273
291
282
272
287
275
307
271
282
282
301
274
283
273
283
271
293
273
282
271
273
295
288
275
277
300
309
281
288
296
279
292
289
326
307
301
291
323
281
300
302
271
287
274
286
281
285
281
307
275
279
272
289
280
286
271
287
295
286
279
282
272
292
275
295
272
275
288
271
293
288
294
274
292
285
274
275
268
292
275
286
296
281
270
295
271
288
274
286
274
276
297
308
285
289
274
292
286
272
297
272
284
276
330
268
286
279
275
287
271
282
273
280
293
271
292
305
282
296
288
276
284
274
288
273
299
277
278
284
273
314
295
273
272
285
272
292
286
288
275
285
278
279
297
312
284
277
271
284
276
283
288
315
292
311
298
330
358
339
281
278
300
282
295
284
354
304
296
280
313
274
344
282
290
282
304
316
310
305
289
308
281
299
281
306
296
306
353
384
314
284
349
329
338
293
296
293
298
342
281
308
276
303
296
317
339
300
297
298
328
315
285
296
286
303
313
286
289
327
282
383
312
306
292
282
303
284
303
314
290
306
309
318
294
325
299
282
295
286
308
340
294
293
386
291
300
285
303
289
341
351
287
308
306
322
307
323
311
291
336
281
312
284
320
298
368
286
315
324
295
300
310
325
305
305
377
330
286
332
288
288
317
326
292
311
307
324
313
335
328
304
322
310
309
282
297
280
380
328
289
307
290
349
294
296
310
298
294
376
401
312
304
315
313
303
320
294
316
288
340
286
296
321
317
291
328
288
319
330
331
379
314
312
308
290
302
298
301
312
281
288
284
282
291
276
306
285
279
320
288
282
279
301
284
304
277
291
312
301
282
301
296
278
288
294
284
279
315
299
271
279
282
275
292
278
283
275
301
272
283
289
284
287
278
299
275
291
273
309
311
288
274
301
277
300
274
293
290
280
302
279
292
272
280
292
273
291
278
267
282
331
272
295
285
275
290
272
284
274
285
308
276
293
294
272
292
280
284
272
284
289
297
271
288
289
292
277
294
277
287
275
298
312
297
283
273
293
271
285
279
293
276
285
306
286
291
274
291
278
278
291
279
295
307
271
271
294
283
275
281
291
272
285
315
290
286
287
282
285
270
286
271
275
289
305
291
311
282
299
288
322
280
300
287
313
284
301
281
295
271
272
304
287
285
296
271
290
273
274
291
281
287
272
291
312
273
286
270
312
281
273
278
282
305
291
310
271
284
273
281
272
277
310
296
288
280
282
283
285
290
271
285
272
276
288
282
283
284
272
286
276
285
272
281
273
294
280
275
319
283
280
272
285
280
289
272
293
291
276
274
289
283
293
290
276
280
276
290
271
340
273
292
280
303
277
290
274
282
286
287
269
286
276
293
274
298
282
279
278
293
278
282
273
277
286
285
285
277
285
274
285
275
293
277
310
279
279
277
277
293
278
304
273
283
272
291
297
274
288
274
276
292
280
297
291
284
295
310
274
278
290
275
290
299
298
280
290
308
298
291
324
296
293
282
306
300
293
274
292
272
290
300
272
278
294
270
292
287
284
276
299
290
289
290
292
274
298
288
295
292
278
292
298
275
276
299
285
297
275
287
274
296
282
285
273
294
303
274
288
273
295
288
279
281
300
276
333
275
274
285
276
286
275
288
277
299
282
298
275
285
290
276
275
279
300
275
302
284
316
276
276
296
272
285
271
294
290
269
281
279
284
294
286
275
284
274
275
287
272
273
297
290
283
291
272
285
273
282
283
277
281
275
296
279
278
284
285
272
288
276
283
271
290
297
270
273
282
313
269
289
272
285
273
279
274
286
272
272
298
295
293
279
274
285
278
290
274
293
275
308
282
295
276
298
285
309
283
289
312
317
296
289
296
290
300
279
271
288
271
318
282
275
279
281
295
281
296
284
305
275
272
274
276
279
309
286
307
299
272
294
275
282
275
274
301
285
279
271
314
280
286
287
280
291
289
277
282
276
287
274
288
285
301
290
290
283
276
276
275
293
287
294
276
294
273
289
275
284
271
307
272
309
272
289
275
280
307
297
273
275
295
273
279
289
324
275
287
276
293
273
282
273
296
300
272
276
294
273
294
292
280
294
286
280
282
290
320
314
287
316
284
372
375
280
296
280
323
274
325
277
285
293
421
298
311
277
308
312
287
309
282
309
286
340
285
284
346
283
312
283
302
278
304
336
384
350
280
302
299
293
320
312
357
332
326
333
321
302
305
280
285
316
287
291
301
317
368
295
289
287
345
291
313
291
303
292
304
378
287
303
289
324
298
308
333
288
307
313
325
282
346
301
297
304
295
287
338
287
292
361
301
307
308
298
312
329
293
302
290
304
442
286
326
296
308
336
284
313
292
302
293
448
310
321
289
302
366
290
295
289
318
289
429
289
326
293
330
299
298
322
303
289
306
375
299
285
312
291
302
296
313
301
290
333
496
295
323
291
299
282
303
286
306
288
315
348
282
296
301
292
350
289
331
296
299
363
314
292
288
313
313
321
304
290
321
288
388
286
309
287
358
332
351
308
312
326
350
320
328
324
340
298
309
305
288
286
313
418
312
294
298
316
292
322
295
336
337
290
327
287
313
288
302
316
314
285
320
284
352
389
314
312
293
320
304
296
308
295
303
331
421
289
317
299
311
286
303
303
330
354
326
388
327
303
305
306
292
301
291
305
345
322
342
287
301
292
310
288
312
319
307
297
307
335
301
309
307
302
316
297
290
308
304
317
416
298
325
293
300
317
291
318
298
313
303
376
308
336
283
302
290
292
357
287
307
397
393
286
330
314
287
298
314
289
316
289
439
360
300
312
342
301
291
305
293
313
323
378
306
298
305
294
304
301
313
342
326
377
333
313
315
331
306
305
311
306
295
341
329
298
326
306
299
316
295
358
292
316
375
311
298
291
329
301
290
298
307
311
295
348
305
284
334
299
321
292
287
312
308
303
336
309
312
298
291
341
305
297
341
311
304
386
299
303
284
332
315
302
308
292
297
304
358
301
293
327
296
304
337
307
320
310
295
435
293
311
294
304
392
294
317
321
308
300
392
322
320
293
337
309
306
295
312
299
308
460
320
289
303
296
319
305
314
297
308
296
371
291
314
303
312
303
290
302
310
317
293
441
335
295
320
304
310
322
316
301
296
313
405
306
295
325
297
296
312
325
317
302
345
338
321
342
384
386
309
315
299
301
312
360
313
308
295
300
304
326
294
328
300
337
370
305
287
315
298
310
295
331
308
302
330
297
292
313
299
305
327
304
310
294
309
329
326
304
298
304
328
286
308
297
303
304
305
303
298
327
308
301
310
319
315
341
289
309
359
289
291
367
319
293
305
298
315
291
336
299
341
300
301
298
313
287
305
298
295
312
403
286
310
287
311
288
327
324
294
307
297
360
334
292
319
287
332
306
302
309
314
300
358
304
318
349
290
317
306
321
307
307
358
305
312
315
303
300
293
319
294
294
334
340
306
302
287
290
304
308
317
314
303
355
305
336
320
328
332
320
305
430
292
295
435
322
321
307
299
317
302
330
327
296
313
439
294
310
301
329
344
292
315
313
293
373
323
294
308
313
299
298
289
310
294
321
305
306
291
321
298
311
295
302
316
301
311
312
348
304
327
302
306
291
305
302
319
293
374
299
311
300
295
297
308
296
328
292
314
370
305
303
345
331
291
301
290
312
300
332
436
351
297
311
336
308
294
304
299
316
331
318
299
335
298
318
324
316
302
310
301
335
352
334
286
297
293
293
312
297
312
319
360
300
298
343
292
301
299
336
316
312
304
403
325
328
341
289
308
300
314
324
298
361
359
393
387
393
310
316
301
312
303
331
338
292
299
285
286
300
290
299
307
290
279
283
302
276
296
274
309
296
281
290
298
281
289
284
295
283
283
299
281
287
273
313
274
290
277
298
281
292
280
296
291
305
281
307
275
305
284
283
299
270
292
271
294
310
274
278
300
277
288
288
283
279
294
298
272
295
287
296
289
276
293
276
298
303
278
273
289
276
276
290
290
284
277
283
299
278
291
279
292
275
284
287
275
291
281
286
285
295
270
284
274
290
274
281
288
275
303
272
286
286
297
277
320
280
292
296
272
293
277
275
285
300
271
307
285
281
277
297
297
287
300
273
281
298
277
276
307
270
286
274
287
284
273
282
287
300
300
285
298
304
312
287
284
288
289
298
312
275
289
274
293
276
291
319
281
276
287
275
287
292
270
284
281
276
304
276
286
277
280
302
282
287
276
276
305
295
276
284
275
293
295
287
293
281
286
274
284
300
274
278
292
271
312
272
307
282
285
273
286
277
272
300
282
275
287
272
286
290
310
274
284
274
285
277
290
277
292
273
285
284
284
286
288
271
274
288
298
272
282
288
273
304
272
286
279
305
272
281
271
274
299
285
273
282
297
300
273
284
279
276
284
282
287
279
274
291
281
273
301
273
291
272
290
306
282
273
289
288
284
283
298
276
286
273
306
274
280
274
286
276
292
271
291
301
276
278
275
284
275
288
284
276
304
273
288
297
288
283
281
298
298
276
302
314
306
280
293
276
282
274
277
297
299
274
289
282
290
275
277
301
277
298
275
284
288
284
270
294
279
286
299
271
285
277
281
275
295
293
303
274
290
277
277
289
272
287
271
275
330
282
289
295
295
291
283
275
291
285
275
287
288
282
285
278
283
290
276
274
284
274
284
283
280
278
301
272
291
278
286
276
282
