66
53
63
68
66
55
55
55
54
53
70
52
54
53
53
53
58
56
55
54
55
81
54
53
57
58
66
57
67
63
58
53
54
56
64
63
63
53
63
53
56
58
64
84
52
53
52
63
53
53
52
69
56
55
52
54
55
55
59
60
55
82
63
57
52
53
54
56
56
68
62
54
57
53
52
55
52
52
74
56
59
53
54
63
71
55
54
69
56
58
53
58
54
53
59
64
56
77
55
53
53
63
53
54
62
60
59
53
58
60
54
97
57
79
61
66
62
68
54
60
67
57
60
63
80
59
57
53
60
58
59
111
60
53
55
56
55
56
66
58
54
74
59
56
63
54
57
53
54
55
55
85
53
53
53
56
56
53
59
77
67
67
57
57
58
63
55
61
54
84
73
57
67
58
54
52
58
53
70
56
61
54
53
82
60
54
53
53
53
57
79
54
54
52
57
60
56
75
63
53
55
53
53
62
67
53
53
55
64
144
53
62
66
65
59
56
54
57
63
56
66
53
65
55
54
75
56
53
52
54
53
53
56
63
53
81
54
54
52
53
52
83
63
66
54
60
52
63
59
53
53
53
63
53
81
58
57
78
53
57
63
53
54
56
63
65
53
53
53
63
63
59
80
54
52
58
53
59
54
56
56
67
53
60
53
81
53
52
54
57
60
58
80
53
54
56
55
63
62
79
64
52
61
56
52
66
56
52
54
54
56
65
52
72
54
57
66
52
59
57
56
56
53
55
85
55
54
53
54
53
53
53
53
54
52
63
81
53
55
53
54
53
54
66
62
62
52
58
52
57
55
62
62
53
73
58
55
52
57
53
52
52
75
55
52
53
54
52
55
71
52
56
57
54
60
52
68
56
74
63
53
52
52
53
69
53
56
53
59
52
67
56
53
59
53
56
71
54
56
53
52
55
70
55
58
65
52
53
66
52
52
52
52
54
56
56
65
64
54
89
64
60
93
63
64
57
62
53
52
55
63
59
80
53
53
57
52
53
62
54
63
53
53
52
62
88
56
63
63
53
53
53
52
56
74
70
65
59
61
60
65
55
58
70
56
56
60
54
56
75
59
56
55
54
68
62
81
55
61
86
90
63
58
67
52
55
52
64
73
54
53
53
55
52
66
59
52
76
53
52
65
52
54
56
64
61
61
80
56
71
57
55
60
63
64
56
57
62
57
59
53
56
59
53
75
58
53
61
58
60
55
53
97
53
61
65
54
62
54
66
53
58
57
54
53
62
53
53
56
53
78
57
53
60
56
74
57
53
53
55
57
55
55
55
53
66
53
56
63
53
53
56
52
75
54
54
53
58
53
54
57
68
65
53
53
54
54
77
88
56
57
67
54
55
59
56
64
59
56
76
53
53
67
64
54
52
52
81
59
67
54
61
62
70
55
55
62
53
54
58
54
53
53
67
67
63
58
52
53
54
69
62
63
52
53
53
83
53
64
66
60
55
52
64
53
53
56
53
62
53
53
53
52
53
53
85
56
53
52
52
56
55
73
56
63
53
63
55
55
60
55
58
54
54
55
54
62
53
52
54
53
52
53
83
53
53
53
53
58
72
53
53
54
56
58
56
58
74
55
56
54
56
53
68
53
52
63
58
60
62
64
65
60
53
52
53
53
53
70
54
57
62
57
62
75
55
54
52
55
65
60
53
63
54
54
62
53
67
57
71
56
57
56
58
76
55
54
65
54
67
55
56
52
56
53
53
56
53
52
54
60
60
88
55
63
66
56
59
52
52
58
54
53
66
63
54
53
71
55
59
53
63
58
69
57
69
54
58
58
53
62
69
59
58
53
58
65
53
54
56
56
87
54
80
55
56
63
54
54
54
59
61
53
59
78
76
74
60
54
53
66
56
56
60
63
62
70
52
52
53
52
58
54
54
55
58
53
57
84
53
62
64
52
54
56
80
57
52
53
54
58
62
54
55
52
53
55
70
55
54
53
66
52
56
52
75
55
53
52
63
58
52
57
79
63
64
68
55
55
53
58
53
74
53
54
61
54
61
61
52
54
56
60
55
52
72
53
55
58
53
52
54
83
55
54
54
55
65
61
54
53
56
70
68
58
62
58
54
52
78
57
58
66
58
56
73
64
53
57
55
54
67
61
59
54
53
55
57
54
55
55
52
54
53
81
53
54
56
59
52
55
57
52
56
53
55
83
52
65
58
57
55
54
54
59
53
61
54
52
59
68
52
60
52
65
52
54
53
68
53
67
52
54
71
59
65
57
56
54
68
53
57
52
57
60
68
58
59
62
52
55
56
52
55
52
70
53
53
55
70
56
61
61
55
64
55
54
62
85
66
60
55
54
57
54
52
65
54
75
57
52
58
53
52
55
56
62
73
56
63
53
56
65
54
54
52
54
52
63
54
65
59
59
53
53
71
56
54
53
53
53
60
65
54
76
54
53
53
52
55
53
78
63
60
53
55
54
82
55
53
56
62
82
56
59
58
53
67
56
54
52
65
54
69
61
63
52
52
53
62
56
52
65
60
59
53
52
83
60
66
63
61
57
52
68
61
55
60
83
63
53
53
61
52
62
60
55
53
53
58
57
54
54
53
56
58
65
58
55
56
97
56
59
53
57
55
72
60
67
55
55
74
60
58
56
62
56
88
76
53
55
62
63
73
57
63
76
67
94
57
60
67
55
64
56
68
66
55
72
54
57
54
54
55
54
53
55
80
66
57
57
69
67
56
55
69
60
58
59
60
57
54
68
55
59
79
66
59
67
54
54
57
56
56
54
54
55
57
78
61
64
54
56
56
65
55
57
55
55
57
80
69
67
54
66
55
60
73
60
68
54
65
54
57
62
58
62
65
60
54
55
55
66
68
69
54
55
54
65
54
54
56
55
95
59
58
59
133
64
57
58
64
57
84
61
69
63
68
66
57
63
73
61
57
54
56
54
62
67
67
66
80
58
63
62
57
80
54
57
68
54
63
62
54
66
69
88
52
61
54
65
66
52
54
52
52
52
62
60
54
56
62
61
54
77
53
60
58
52
57
53
58
53
59
64
53
64
83
54
65
55
59
55
55
54
55
55
55
88
54
54
54
54
68
62
52
56
55
54
54
53
67
53
55
62
53
55
64
62
56
54
53
75
57
53
53
55
52
53
64
78
53
54
52
54
52
53
62
77
53
53
62
55
53
52
52
53
76
60
54
54
53
65
72
54
54
57
52
58
67
60
58
61
53
54
53
55
76
56
67
58
68
56
54
65
61
66
61
53
54
63
52
53
52
55
57
57
64
54
78
59
52
54
53
52
56
60
53
52
55
68
52
62
61
58
54
63
62
63
54
52
52
53
52
87
54
56
53
53
53
53
79
53
53
69
67
57
54
53
65
67
76
64
78
54
52
52
70
53
73
77
62
65
67
56
64
54
64
55
53
56
81
55
65
59
98
56
64
57
64
76
56
55
64
64
67
54
56
65
69
56
67
66
59
67
54
56
57
80
65
55
55
64
60
56
54
57
78
56
56
53
55
55
60
56
54
55
54
78
54
55
54
59
54
54
55
57
80
62
55
62
59
54
63
66
60
60
55
56
54
77
56
63
66
54
61
68
54
69
67
54
64
56
57
58
56
57
77
55
62
63
55
56
58
60
56
54
57
58
56
65
62
56
54
54
53
65
55
59
57
55
52
59
55
64
72
57
54
54
56
94
66
56
58
61
72
58
54
52
61
58
63
56
84
61
66
58
53
52
57
53
77
57
58
53
64
56
67
65
64
53
79
56
52
55
66
52
55
62
52
58
55
56
77
63
64
66
57
59
77
58
65
60
54
64
54
54
59
62
68
64
58
55
65
66
75
61
70
65
64
55
68
65
54
90
60
56
54
53
55
55
53
57
54
60
55
54
56
65
55
63
57
56
55
56
79
70
55
56
54
59
65
66
82
54
68
66
68
65
58
54
58
73
63
54
58
61
56
55
92
57
58
56
59
65
58
54
55
77
67
55
75
59
54
54
65
66
54
58
73
55
58
59
61
58
88
55
55
60
79
54
54
58
54
65
55
58
55
74
55
54
59
69
54
54
55
59
66
56
64
78
58
63
57
56
62
61
54
56
57
68
60
54
56
90
65
57
54
55
57
58
66
69
59
55
55
55
74
56
57
60
58
55
56
54
56
77
55
58
61
59
66
65
64
55
61
66
70
142
57
57
71
72
69
72
59
61
60
64
61
74
63
57
80
56
54
52
53
56
53
57
58
62
52
53
53
60
83
57
55
59
64
61
60
56
57
61
55
83
63
59
55
57
57
105
56
71
68
62
57
65
55
56
60
61
92
55
62
59
70
60
56
57
61
59
56
77
62
67
62
55
63
76
61
62
62
55
56
57
68
69
60
61
99
59
57
57
56
60
61
77
62
64
59
58
69
57
71
63
66
65
71
83
58
65
67
59
59
59
67
58
58
98
60
67
61
59
80
57
58
58
58
68
71
64
81
73
58
58
71
68
71
83
65
58
61
65
62
62
55
65
69
69
83
59
55
56
61
69
61
56
56
57
67
55
57
68
63
74
56
66
55
69
69
62
65
57
66
57
59
56
68
60
57
55
66
55
84
55
65
68
68
59
57
67
62
55
60
75
66
55
82
56
69
57
59
57
56
59
62
61
66
84
57
57
58
65
71
90
58
70
56
61
63
61
57
57
58
59
58
91
57
58
58
67
61
67
56
71
70
59
62
68
57
69
58
58
82
61
58
68
58
60
55
69
62
57
56
74
55
65
59
56
60
70
56
59
61
56
80
69
123
57
57
62
64
56
55
68
56
53
54
59
68
53
53
54
56
55
55
59
60
60
57
84
57
60
65
61
56
56
68
60
59
59
68
59
55
56
59
55
69
82
63
67
68
55
56
80
64
57
60
69
68
57
61
59
56
56
83
56
56
56
56
56
58
60
59
93
60
64
61
59
66
62
72
63
60
89
63
63
75
80
59
70
69
59
64
58
56
74
71
55
65
55
56
56
56
57
61
84
57
58
67
57
56
67
64
69
55
70
56
56
56
69
54
62
61
56
69
77
65
55
58
59
62
66
55
58
83
57
56
55
56
60
68
57
59
73
56
67
58
56
60
67
56
87
56
65
56
62
68
69
58
65
65
79
56
60
67
66
72
67
55
69
65
64
55
56
60
56
60
64
55
59
69
67
60
56
63
56
56
74
61
55
56
80
65
64
55
55
60
68
80
73
55
64
55
56
60
76
68
58
68
54
56
56
56
57
55
74
55
66
69
63
76
55
62
55
63
71
60
60
55
59
55
60
56
71
90
59
55
55
56
55
55
59
54
55
92
55
56
57
56
54
62
62
55
55
57
55
56
56
68
94
63
55
56
55
55
56
55
55
56
78
62
60
57
54
55
83
56
63
54
83
62
61
55
59
64
61
66
55
57
55
56
63
56
55
77
68
55
56
55
72
66
68
55
75
55
62
55
54
55
67
72
67
62
66
68
55
66
67
60
57
58
81
53
63
66
55
58
74
55
66
55
55
59
58
60
62
56
64
78
56
67
55
55
57
67
75
55
62
55
55
54
62
55
62
56
89
54
55
55
55
56
57
77
60
64
55
54
55
66
58
54
54
54
55
55
54
57
55
55
77
55
66
55
54
63
59
86
61
69
58
63
68
82
65
75
57
69
57
71
64
55
84
62
60
54
