26
25
26
27
28
29
29
28
27
28
30
29
28
30
30
29
27
26
27
27
29
28
27
27
26
29
28
28
27
27
26
28
28
28
27
26
28
27
28
27
27
28
27
28
28
29
29
28
29
28
28
27
28
28
28
27
27
29
28
29
29
29
31
32
33
33
35
36
36
36
87
41
40
39
40
41
40
40
40
40
40
48
40
42
41
41
41
40
40
40
41
41
40
40
40
40
39
39
39
43
39
40
40
40
38
38
38
39
38
38
38
38
40
40
40
40
40
39
38
38
38
38
39
38
39
39
41
40
40
40
41
40
42
42
41
39
38
38
38
39
39
39
39
39
39
39
38
38
39
39
38
38
38
38
38
38
38
40
40
39
38
38
38
39
39
38
38
38
38
39
38
39
39
39
39
38
38
39
45
39
39
38
39
38
38
39
67
39
39
38
38
39
38
38
39
39
40
40
40
39
38
39
39
40
42
39
39
40
40
40
39
40
43
39
38
40
40
40
38
38
39
39
38
41
40
39
38
38
39
38
38
38
39
38
38
38
38
38
38
39
38
38
38
39
38
38
38
38
38
39
38
39
39
38
39
39
37
38
38
37
37
38
39
37
37
37
38
37
37
37
37
38
38
38
38
38
38
37
37
37
37
37
37
38
38
38
38
39
39
38
39
39
39
38
38
37
37
37
38
36
36
36
36
38
37
37
37
37
38
39
37
37
37
37
38
38
38
37
36
36
37
38
37
37
38
38
39
39
38
38
38
38
38
65
39
38
38
38
37
37
37
38
38
38
38
39
42
38
38
37
38
38
37
38
37
38
38
39
38
39
38
38
39
39
39
39
39
41
38
39
38
38
38
37
37
37
38
39
37
37
38
38
38
37
37
37
37
37
36
37
38
38
40
38
37
38
38
37
37
37
37
38
39
39
39
38
38
38
39
38
38
39
40
39
38
39
37
43
38
39
38
38
38
37
37
38
37
39
38
38
38
37
37
39
37
37
38
38
37
38
38
38
38
39
39
38
36
36
36
37
39
38
38
38
38
38
38
37
37
38
37
37
38
37
37
37
38
39
38
38
38
38
37
36
37
37
37
37
36
36
36
37
38
38
37
68
38
38
37
37
38
37
38
37
38
38
43
57
50
49
48
46
47
44
44
44
42
43
43
42
41
41
41
39
40
39
45
39
39
39
39
38
38
38
38
38
34
35
37
36
36
35
35
36
35
33
33
34
35
34
34
35
35
35
33
32
35
34
34
33
35
35
35
34
34
35
35
35
35
35
36
37
37
37
38
37
36
36
37
36
36
36
36
37
37
37
37
38
38
42
36
37
37
37
37
38
37
37
37
38
38
37
37
38
37
37
36
41
38
37
37
36
36
37
36
36
44
39
39
40
39
39
38
38
38
38
38
38
37
37
38
38
38
37
49
37
37
37
38
38
38
37
38
39
38
38
38
38
37
37
37
36
36
36
36
37
37
38
38
37
37
37
38
37
37
38
38
38
37
42
37
37
38
38
37
39
38
38
37
37
37
37
37
38
38
38
38
37
39
37
37
37
38
38
38
38
43
56
43
49
46
47
52
49
47
47
45
45
46
44
45
50
45
45
46
45
45
44
43
44
42
48
43
41
43
39
40
40
39
40
39
38
39
39
38
39
37
37
38
39
39
40
39
40
38
39
38
40
40
39
39
40
40
40
40
39
74
38
38
38
37
43
39
39
40
39
40
40
39
39
39
41
39
40
38
37
37
37
37
38
38
38
38
39
39
39
38
38
37
37
37
37
38
40
38
38
38
39
38
37
37
59
39
38
38
38
38
38
38
38
39
38
38
38
38
38
38
38
37
37
37
37
38
38
39
40
39
39
39
39
39
39
39
37
37
37
37
37
37
37
37
39
38
38
39
39
39
39
45
40
40
41
40
39
40
39
39
40
39
39
39
39
39
37
37
37
37
37
37
39
38
39
39
38
39
39
37
37
38
37
38
39
40
39
39
38
38
38
38
38
46
38
38
39
39
39
38
45
63
38
37
37
38
38
38
38
38
38
38
38
38
38
41
38
38
37
38
38
39
40
38
38
38
38
39
39
39
40
40
43
40
39
38
37
37
38
39
38
38
38
39
39
39
39
39
39
37
38
37
37
38
37
39
39
39
39
38
38
38
38
38
39
38
38
39
39
38
39
39
39
38
37
37
38
38
39
45
39
39
38
37
37
37
37
37
37
40
38
38
38
38
38
38
38
38
40
39
37
37
38
37
38
39
40
39
39
39
39
39
58
39
39
38
38
38
38
38
38
40
38
39
38
38
38
38
37
37
38
38
38
37
38
39
38
39
38
38
39
38
48
40
40
40
42
41
41
41
43
43
42
42
44
43
42
54
43
44
42
43
46
44
99
63
42
43
90
42
42
42
43
42
43
44
43
68
45
44
45
43
44
44
61
44
43
42
44
49
43
50
43
43
43
43
44
42
43
44
43
43
44
45
45
49
43
45
43
42
42
42
41
40
40
40
41
41
40
39
39
39
39
39
40
39
38
39
39
84
71
56
53
57
54
50
51
50
47
48
46
45
44
43
44
44
43
42
44
43
42
41
40
40
40
40
40
40
40
39
39
39
40
36
35
35
36
36
36
35
36
35
35
34
68
36
36
36
36
36
34
35
35
36
35
36
36
36
36
36
36
36
36
36
36
36
37
37
38
42
40
37
37
37
37
38
38
39
38
38
37
37
37
39
39
39
39
39
39
38
38
37
39
40
39
40
40
39
40
41
40
40
39
39
38
39
39
39
39
39
39
41
39
39
39
40
39
39
42
39
38
38
38
37
38
38
40
39
39
39
39
38
59
39
39
40
39
39
39
39
39
39
39
39
40
40
40
39
39
40
39
40
39
39
38
38
37
39
39
39
38
38
38
38
37
37
38
38
38
39
38
37
37
37
37
38
38
38
43
41
38
38
42
40
39
39
40
40
40
40
40
40
39
39
39
38
38
38
38
39
38
38
38
39
38
39
38
38
39
38
39
40
41
39
39
39
39
38
38
38
38
38
38
38
39
38
38
37
38
38
38
38
38
38
38
38
39
38
38
38
38
38
37
37
39
38
38
38
38
38
39
37
38
37
39
39
39
39
38
38
39
40
40
38
38
38
38
39
37
38
38
37
37
38
37
37
38
39
38
38
39
39
38
38
38
38
37
38
37
37
38
38
38
38
38
39
38
38
38
38
37
37
37
67
38
38
38
38
38
38
39
39
39
39
40
39
39
38
38
38
38
38
38
38
38
38
39
39
39
39
38
38
37
41
40
39
39
39
39
39
40
38
39
39
39
38
38
38
38
37
38
38
38
38
38
38
38
39
39
39
39
38
38
38
38
37
37
37
37
39
38
38
38
43
38
38
38
37
37
37
37
37
37
37
40
39
38
38
38
41
37
37
37
39
39
39
39
40
39
38
37
37
37
37
37
38
39
38
39
61
38
38
38
38
39
39
39
39
39
39
38
39
39
38
38
38
38
38
38
38
38
39
38
38
38
38
38
38
40
39
38
39
39
39
39
39
38
37
37
37
37
37
37
38
39
38
39
38
38
38
38
38
38
39
38
38
38
41
38
38
38
39
39
39
40
38
38
39
39
38
38
38
39
38
38
38
38
38
39
39
39
39
39
40
40
40
37
38
37
40
40
66
40
39
39
39
39
39
39
38
38
38
38
38
38
38
37
37
37
37
37
37
38
39
38
38
38
38
38
38
37
37
37
37
38
40
38
38
38
39
39
39
38
37
37
37
37
37
38
39
38
38
38
38
38
37
38
37
38
38
38
38
38
38
38
40
38
37
37
43
38
38
38
39
39
39
39
38
39
39
40
38
39
39
39
38
38
37
37
37
38
40
39
38
38
38
39
38
39
37
42
37
37
38
39
39
39
39
40
39
39
40
40
40
40
40
40
40
38
39
38
37
38
38
39
40
45
39
37
37
70
39
39
39
40
40
40
40
40
40
39
39
37
37
37
38
39
39
39
39
39
39
43
38
39
40
40
40
39
39
39
39
39
38
38
38
38
38
37
38
39
39
39
39
37
38
38
37
37
37
38
39
39
39
39
39
39
39
38
37
37
37
38
37
38
37
37
39
39
39
39
39
39
39
38
37
37
38
37
38
39
40
39
39
39
39
39
39
39
39
37
38
37
38
39
39
39
39
39
88
39
39
39
39
39
39
39
40
40
40
40
40
39
39
39
39
39
39
55
39
39
39
39
39
39
39
39
39
39
39
39
39
39
39
38
38
38
39
38
38
37
37
37
37
38
39
39
39
39
39
40
39
39
39
39
39
39
39
37
37
37
37
37
39
39
39
38
39
39
39
38
38
38
37
37
37
37
37
38
46
40
40
40
39
46
50
44
47
49
46
46
48
48
48
48
52
48
48
50
48
48
48
45
45
45
45
46
44
44
71
42
42
42
41
40
40
40
41
41
40
40
40
38
39
39
38
38
45
38
38
38
39
39
39
38
39
38
38
40
39
40
39
39
40
39
38
38
37
37
37
37
37
37
38
40
39
39
39
39
39
41
40
40
40
39
38
37
37
39
41
39
39
39
40
40
39
40
37
37
37
38
38
38
39
38
41
37
37
37
38
37
37
39
38
38
38
38
38
37
37
40
49
41
40
42
42
43
42
43
43
44
43
43
43
42
45
43
44
43
44
57
43
70
43
42
42
44
42
43
81
44
43
44
44
45
50
48
44
43
83
43
43
50
43
43
43
43
43
43
43
43
43
43
43
55
43
43
45
45
43
43
44
45
44
43
43
41
41
41
42
41
40
40
40
40
41
43
40
39
39
39
39
39
39
40
40
39
39
38
38
38
38
38
38
38
38
38
37
37
37
39
39
38
39
39
40
40
40
40
40
39
38
38
37
38
38
38
39
39
39
39
40
39
38
38
38
38
38
38
39
39
40
39
46
58
39
39
40
39
38
38
38
38
38
37
37
37
37
38
40
39
38
39
38
39
39
38
37
37
37
38
38
38
39
38
39
38
38
38
38
38
37
38
37
37
37
38
38
38
40
40
40
39
39
40
39
38
39
39
39
39
39
39
38
38
37
37
37
37
38
37
38
38
38
38
39
38
37
38
38
37
37
37
38
39
39
39
39
39
39
37
37
37
37
37
37
38
39
38
38
38
38
38
41
39
38
38
38
38
38
38
38
38
38
38
38
38
39
38
39
39
41
38
38
37
38
37
37
39
38
41
40
40
42
40
40
42
40
40
39
38
38
68
40
38
38
38
39
39
38
39
39
40
39
38
38
38
38
38
38
38
38
38
38
40
38
39
38
38
39
38
39
39
39
38
38
38
37
37
37
38
38
38
39
39
39
40
39
39
38
38
38
38
38
38
38
37
37
39
37
37
38
39
39
39
39
39
38
38
38
39
39
41
40
42
40
40
40
39
38
38
38
38
38
38
38
37
39
39
39
40
39
40
38
38
38
38
37
37
37
37
38
38
38
39
39
39
46
41
39
39
38
37
37
37
38
37
37
37
37
39
39
40
40
39
38
38
38
38
38
38
38
38
37
37
39
66
38
38
41
40
39
38
39
39
38
38
38
37
37
37
39
40
40
39
40
39
40
40
39
39
38
37
37
37
37
37
37
37
37
37
38
38
39
38
38
39
38
38
38
38
37
37
