346
452
339
452
349
455
335
432
340
452
341
415
346
454
335
413
332
444
338
444
341
425
340
444
334
366
335
342
404
339
411
345
465
336
407
428
395
391
371
446
436
337
407
342
430
344
401
365
468
343
334
437
336
393
440
346
403
340
399
423
332
443
336
454
346
407
333
449
382
335
419
339
452
344
482
334
434
332
341
454
336
441
340
487
335
338
452
338
410
347
412
355
392
336
412
344
488
337
479
342
414
379
458
337
438
340
400
346
400
402
335
406
370
427
347
442
349
441
336
427
340
431
335
425
350
460
336
408
338
466
333
346
444
347
404
339
398
350
340
426
341
417
342
414
362
456
398
339
421
337
446
331
425
338
440
339
431
362
443
345
431
334
451
337
411
354
401
349
413
336
424
338
408
335
467
335
343
429
334
407
360
456
392
331
396
373
457
362
420
345
337
468
357
419
337
427
355
392
411
338
450
335
378
470
339
442
336
412
331
403
347
409
387
334
417
345
447
338
433
350
425
335
457
337
426
332
407
341
499
334
459
332
347
375
393
341
448
338
396
388
334
406
404
341
417
366
330
422
332
474
335
420
340
427
341
418
344
453
335
420
338
426
343
332
405
335
405
334
424
346
429
445
337
439
352
444
339
429
334
421
345
468
337
481
391
335
431
335
475
338
451
339
415
332
426
338
412
344
450
340
485
333
418
339
446
350
451
333
408
335
347
338
343
425
345
333
424
332
429
334
478
332
347
410
360
393
335
399
340
402
363
457
339
401
432
338
374
336
426
334
376
332
448
369
457
338
426
340
445
335
415
349
498
336
422
342
501
345
423
341
417
337
428
336
422
344
420
337
440
334
416
336
455
338
474
333
334
431
334
454
337
338
336
430
332
346
462
358
406
340
415
343
497
341
414
342
425
340
430
342
452
431
400
339
407
440
336
419
341
436
336
491
331
529
457
496
452
477
389
439
358
445
401
726
359
479
373
358
379
507
349
472
340
348
464
426
359
456
341
462
340
477
334
431
336
448
337
453
342
415
340
451
335
399
348
450
347
499
331
420
344
451
339
438
343
455
337
419
334
347
442
338
363
391
457
342
399
331
479
356
337
370
364
487
345
484
350
352
480
339
488
348
337
420
340
410
339
449
344
417
340
461
342
429
356
399
333
448
336
462
355
417
337
410
335
484
342
423
335
471
333
423
334
459
353
396
362
434
415
338
484
343
411
348
473
332
417
336
343
452
355
510
340
398
336
440
337
453
344
405
366
421
337
409
336
455
340
461
344
514
338
417
327
340
447
335
427
342
418
336
416
336
397
337
437
408
343
424
349
399
336
455
335
400
384
476
342
426
336
400
332
402
332
416
355
513
352
448
360
492
344
449
361
469
336
428
334
339
442
342
544
335
334
445
343
461
341
337
423
343
335
419
333
417
336
436
336
425
346
463
341
438
338
360
452
333
427
356
396
337
431
340
366
381
336
416
337
493
336
431
339
348
461
347
438
336
447
342
399
340
442
428
342
415
339
468
338
446
353
396
388
342
351
420
336
430
342
455
333
407
344
504
337
454
332
413
336
420
347
336
433
332
446
343
418
359
398
347
421
337
481
335
402
331
410
353
440
348
397
347
476
432
340
478
348
466
340
420
336
426
397
338
412
351
432
344
428
346
436
351
473
337
409
389
343
421
338
393
382
344
413
419
335
391
334
443
329
402
466
342
424
335
406
461
339
414
349
475
337
442
336
342
468
343
432
347
443
342
431
342
343
438
335
434
343
430
339
401
433
337
411
346
444
336
434
336
477
336
425
335
415
348
442
334
456
338
408
336
356
455
346
490
338
330
441
335
494
338
345
452
335
448
343
335
435
340
474
344
401
337
445
336
455
338
358
388
344
418
340
470
334
423
338
334
451
340
484
341
417
333
350
376
393
348
413
346
422
336
331
423
335
477
338
414
342
430
337
448
336
422
347
467
334
427
344
458
334
420
343
421
337
430
337
420
333
424
392
343
424
338
418
336
331
421
355
340
418
336
414
441
337
408
338
400
338
426
332
474
334
433
338
468
336
421
339
445
339
407
333
429
337
469
347
432
331
408
346
491
336
433
339
417
341
455
333
427
339
423
395
348
415
337
437
352
401
334
405
338
391
331
388
409
331
376
345
340
412
348
441
341
406
405
339
436
341
465
352
439
337
424
338
430
335
456
344
440
336
431
345
415
338
418
337
442
336
451
343
403
335
461
332
442
336
437
333
426
333
465
335
410
348
441
332
472
346
334
333
345
472
351
457
335
440
340
346
432
334
429
342
521
336
414
333
399
339
441
349
405
336
387
432
378
405
336
441
339
428
341
434
330
422
354
461
345
415
338
452
338
397
345
400
334
348
423
333
454
345
340
424
331
404
346
423
353
454
339
411
339
464
344
434
333
423
334
402
397
338
438
346
417
333
406
360
337
426
340
449
337
455
338
390
340
423
341
457
350
456
340
424
360
394
336
415
341
421
334
406
353
415
348
413
341
478
339
448
394
337
407
335
398
389
345
385
380
335
400
445
332
447
329
519
333
416
333
458
339
407
336
408
341
458
338
445
335
457
336
427
345
425
336
427
337
357
435
401
334
449
333
438
331
354
463
333
389
347
459
333
435
336
429
334
417
336
446
342
431
355
438
340
462
341
419
344
354
449
402
344
463
340
432
347
445
338
463
335
418
342
356
435
433
331
442
332
334
431
335
470
341
419
337
427
332
510
331
426
335
346
489
335
419
340
413
348
408
338
355
449
387
345
458
372
439
346
430
351
431
337
465
334
411
338
442
349
492
337
334
458
335
466
355
412
343
332
417
336
407
334
473
341
448
339
421
337
416
341
462
337
405
403
331
423
341
450
335
414
343
460
344
432
339
414
335
413
332
444
346
421
338
413
336
461
332
397
338
456
342
337
414
341
410
424
343
410
412
339
387
357
436
458
338
401
347
435
330
385
452
340
400
341
398
402
335
399
479
338
397
334
470
341
470
339
408
331
402
336
442
339
454
396
337
428
387
336
433
349
427
368
438
377
442
399
341
424
342
420
348
420
337
458
337
417
338
445
342
442
336
410
338
401
345
485
353
419
337
401
349
452
341
463
335
437
333
338
440
409
335
438
341
429
351
412
350
405
333
420
331
426
346
504
332
419
337
356
385
337
446
343
435
335
405
331
449
334
484
336
352
461
333
412
335
405
337
413
392
352
409
368
431
344
404
359
388
345
419
336
408
337
479
336
423
348
440
386
340
411
366
336
391
337
401
344
434
351
463
342
417
336
427
343
401
343
338
425
336
397
347
494
349
419
354
389
419
421
393
337
424
446
337
458
341
462
380
338
411
460
335
419
389
338
393
371
339
421
437
339
432
359
416
412
336
448
349
415
353
342
434
330
457
334
404
355
468
336
428
339
417
338
466
335
369
388
386
421
341
433
361
404
345
436
343
406
342
473
338
434
340
431
338
342
407
343
424
334
429
342
484
334
422
331
488
337
419
336
455
333
471
334
414
337
464
336
420
348
448
334
416
364
409
338
424
346
402
403
333
403
334
501
339
465
349
424
339
398
339
398
367
393
362
503
362
454
347
465
338
412
352
345
341
340
437
341
376
461
340
440
347
454
341
332
413
335
425
347
463
343
422
338
439
336
413
339
433
345
439
339
395
337
400
398
337
408
443
337
359
501
336
497
338
332
453
339
477
336
410
336
402
336
443
353
410
337
420
384
334
389
341
438
362
424
359
514
336
404
345
463
348
472
335
412
340
454
328
413
336
420
342
421
406
340
473
340
427
378
451
341
407
348
482
338
433
335
462
346
539
394
420
412
348
453
370
442
382
471
427
342
438
342
407
359
515
341
461
342
448
353
415
349
420
363
441
360
456
339
409
352
462
332
430
340
430
337
337
442
349
338
419
336
359
336
350
472
337
445
336
341
428
352
390
338
398
341
457
332
463
335
433
332
446
341
370
378
339
395
402
332
405
383
335
443
335
443
334
346
446
341
481
351
488
338
411
335
465
336
342
436
351
441
339
452
337
425
331
425
340
432
338
407
339
433
339
431
331
434
339
352
470
333
407
333
454
337
431
335
428
332
375
478
337
423
341
452
335
417
337
460
337
472
333
440
336
337
333
339
356
360
449
386
348
473
337
426
341
490
338
354
421
394
347
405
338
454
341
476
340
446
338
358
337
396
355
472
339
402
351
408
384
504
346
420
363
336
467
350
400
371
448
356
428
352
449
345
435
341
454
328
403
336
434
355
455
331
417
336
352
444
401
338
433
379
360
414
459
339
410
488
370
397
340
348
369
337
441
336
410
347
393
345
332
400
334
440
336
473
344
423
338
446
333
413
336
477
346
433
337
427
340
414
338
407
349
399
416
392
335
404
434
337
383
443
357
393
435
345
444
357
486
341
435
334
440
337
409
351
466
331
419
344
433
410
334
411
413
338
451
345
420
346
357
333
413
338
406
339
424
340
503
341
335
337
341
444
356
471
354
414
337
458
335
420
332
413
340
463
405
339
420
338
394
345
396
438
338
404
353
336
437
339
420
390
334
418
343
408
395
340
419
349
400
337
396
341
425
396
336
424
353
401
423
477
343
337
423
338
429
339
458
343
449
339
447
345
397
347
439
337
434
341
445
341
442
347
446
337
340
435
342
458
332
349
347
333
423
340
414
330
443
333
449
344
414
340
417
349
420
388
340
432
354
456
417
339
396
340
409
386
370
436
332
381
450
334
389
337
449
395
331
424
429
335
420
345
402
372
336
421
337
367
413
336
338
414
347
421
339
405
365
443
348
335
411
345
422
334
437
333
411
340
413
347
403
353
478
413
337
397
342
393
436
337
425
343
446
341
421
347
510
347
444
338
411
346
417
336
344
467
356
464
330
428
336
449
345
422
350
340
431
331
458
339
435
337
445
343
426
356
375
405
336
420
342
474
337
334
334
454
337
396
339
483
348
423
337
424
347
482
335
398
346
441
333
487
417
414
348
446
354
454
333
403
362
431
356
456
356
585
341
346
446
338
472
347
415
350
349
431
344
465
335
421
337
422
350
432
333
396
343
411
337
479
394
422
351
426
435
342
403
350
443
352
490
336
410
357
341
421
344
457
353
444
350
480
337
397
350
505
377
477
361
345
419
345
397
348
409
354
418
430
346
412
355
507
351
480
345
441
338
345
430
337
426
361
479
339
408
330
442
333
473
334
456
339
337
443
344
474
341
417
340
438
337
417
334
457
337
458
334
411
338
493
340
431
338
414
331
429
349
479
332
440
345
436
352
411
341
436
340
404
344
355
439
336
461
357
338
451
344
407
349
420
348
343
519
337
418
339
436
334
457
345
517
378
334
407
344
423
338
434
332
428
397
342
397
349
410
333
401
434
348
430
336
366
461
399
334
401
345
413
336
436
334
454
338
451
336
426
336
466
340
376
339
372
342
416
362
455
345
422
341
476
370
404
348
445
340
499
348
443
341
356
391
358
434
347
443
334
420
345
468
345
351
429
337
496
344
433
338
342
553
340
366
480
342
442
334
402
337
494
340
344
454
394
346
433
339
462
348
412
338
453
343
459
350
430
361
363
446
335
461
336
449
348
434
350
459
348
446
343
423
347
438
368
411
350
419
401
347
394
398
394
462
346
482
341
463
353
337
419
348
439
340
