24040
261
225
281
231
322
223
307
221
234
224
223
292
228
243
224
223
285
232
228
300
226
330
227
223
291
230
269
226
243
228
226
274
229
333
227
238
332
229
266
320
232
295
240
230
298
224
244
349
227
226
315
229
227
295
228
229
234
226
224
229
317
224
231
380
232
249
222
278
243
226
302
222
222
303
294
324
341
229
235
320
228
227
315
223
296
229
225
322
234
235
373
224
267
234
285
230
236
244
228
296
238
234
231
306
226
287
226
231
334
235
238
312
231
236
308
225
252
354
227
227
313
235
233
314
222
287
237
232
309
226
233
331
230
228
287
228
276
246
306
273
249
359
239
293
233
231
285
235
263
265
239
298
230
274
401
237
231
324
237
235
327
239
236
302
343
228
288
236
239
315
229
232
325
232
235
315
237
238
360
234
252
288
235
289
233
238
310
235
237
306
238
370
240
234
247
348
253
232
301
236
249
301
237
237
303
241
279
404
289
313
243
283
245
333
224
235
349
255
298
239
235
307
227
255
370
239
234
306
236
311
235
237
311
237
317
241
242
361
239
240
356
240
246
324
239
240
242
341
232
294
246
238
353
240
330
242
255
273
238
284
238
285
243
289
239
320
243
255
335
241
244
347
241
238
361
243
238
314
238
241
332
258
261
331
240
240
315
247
249
435
295
296
368
256
315
252
261
347
296
369
246
241
320
246
269
246
242
304
243
246
306
243
382
245
242
350
242
239
284
364
241
244
323
246
242
344
261
243
300
247
241
325
242
255
314
239
290
242
268
285
243
252
328
244
307
246
246
345
251
311
251
250
383
420
937
520
445
500
341
290
435
265
274
312
319
333
341
443
282
280
444
292
292
418
269
272
352
283
335
257
261
263
244
315
252
274
328
246
299
266
251
310
247
266
350
251
330
247
248
316
258
255
250
248
341
253
250
356
255
251
338
252
260
346
245
303
249
347
267
304
328
249
298
249
250
311
258
357
252
259
379
264
250
339
252
260
361
272
263
352
272
273
393
272
264
418
261
255
335
253
255
349
253
259
338
256
254
266
336
254
254
368
255
256
372
259
252
254
346
253
252
378
255
263
284
302
252
332
260
253
344
256
260
379
257
254
347
258
259
370
258
256
313
259
255
255
254
410
271
260
259
264
332
242
329
255
254
343
264
334
264
266
337
259
292
324
433
375
411
320
296
433
366
287
360
291
317
291
261
246
312
251
275
344
257
256
340
256
269
362
251
259
352
280
289
435
289
297
380
303
260
329
257
255
335
259
251
282
374
254
275
307
256
253
310
253
326
252
279
287
257
389
303
329
257
315
247
309
267
300
247
270
370
271
366
275
320
292
277
378
270
366
277
277
374
262
269
383
261
256
330
254
341
254
259
352
255
264
308
254
380
461
289
349
274
266
352
255
366
259
243
322
255
246
386
254
257
257
259
251
260
349
256
259
368
257
252
267
354
271
251
321
255
252
351
263
257
327
260
260
344
254
304
257
256
373
259
259
353
289
309
341
254
306
244
239
265
274
249
312
253
278
257
256
327
252
255
324
255
315
261
281
345
251
312
260
333
252
255
320
253
293
356
257
320
257
261
255
257
338
254
306
257
277
296
259
251
325
254
364
254
261
401
255
252
319
260
341
256
262
335
260
360
257
254
323
254
257
337
256
268
389
257
312
254
269
283
273
357
296
343
273
334
288
278
339
267
325
267
321
261
300
254
302
257
394
253
315
254
307
260
327
259
343
258
305
259
278
254
249
314
256
372
383
261
334
255
241
317
245
242
345
252
316
258
345
259
283
378
307
334
387
253
311
259
286
372
260
262
362
263
261
349
264
257
356
260
263
260
356
261
265
363
253
255
321
272
256
323
265
259
352
260
257
275
358
253
330
260
260
397
259
257
355
258
258
348
260
254
285
352
259
332
259
267
360
258
262
338
258
275
385
258
262
353
254
256
257
257
365
259
254
326
255
300
256
324
254
388
255
251
360
256
254
352
261
257
336
253
252
318
259
258
380
253
251
342
278
374
271
304
366
296
318
267
398
276
335
261
265
328
262
325
262
254
331
258
262
280
337
295
367
265
257
243
243
343
249
246
350
259
271
395
256
258
321
256
310
254
339
255
318
260
262
325
268
367
258
313
260
257
377
257
355
262
277
305
260
308
261
261
340
255
303
253
366
267
265
343
264
271
386
256
306
258
261
348
262
381
267
253
326
257
298
358
258
324
273
252
276
263
260
258
343
264
313
262
257
363
258
256
346
257
328
260
258
367
254
255
342
258
264
382
257
258
259
333
252
307
257
273
309
260
255
316
262
337
287
326
302
262
312
249
371
259
278
377
253
304
260
262
319
256
401
257
255
370
260
260
300
314
270
265
265
269
344
270
262
328
272
414
275
261
342
252
265
354
239
261
303
255
316
250
255
307
248
295
254
260
339
250
289
369
253
311
253
245
311
250
293
250
274
321
253
317
252
296
253
327
252
247
342
253
289
372
257
252
362
247
245
373
310
276
344
254
247
331
238
240
300
248
247
355
252
288
249
254
386
251
253
335
244
296
250
255
356
248
265
372
248
260
366
270
253
403
253
251
254
375
252
251
257
349
259
248
332
253
252
351
252
247
310
252
319
256
256
354
254
249
332
251
254
322
250
255
326
252
262
371
255
251
344
252
258
358
250
250
264
257
358
254
252
336
259
252
354
254
254
360
260
257
368
273
285
340
278
277
362
269
321
294
328
268
314
323
391
299
335
264
328
258
324
260
327
257
282
392
261
373
259
255
336
261
262
355
259
257
314
262
268
358
255
301
255
264
266
259
351
263
260
407
263
253
334
260
263
397
304
331
383
278
261
325
256
400
260
258
347
271
257
386
263
259
343
256
263
344
252
320
263
260
339
255
272
343
255
311
271
252
339
259
258
341
257
252
334
253
254
345
255
261
401
262
260
334
255
256
380
253
254
329
255
255
335
263
308
262
272
292
310
361
264
260
338
240
299
250
254
261
259
337
261
276
330
260
320
269
267
366
265
309
259
261
345
255
323
257
276
364
280
277
340
273
300
402
268
278
352
277
273
365
279
278
300
255
251
313
251
248
321
257
279
387
253
262
254
254
327
275
255
328
320
324
265
332
254
243
319
242
310
253
262
371
252
255
352
251
269
385
247
250
313
255
250
249
255
309
258
253
313
250
371
260
249
354
251
256
354
252
255
358
254
250
280
349
252
249
339
251
249
291
310
252
319
254
252
344
247
246
317
248
266
255
251
316
250
247
305
305
303
349
266
302
250
259
336
237
305
233
229
328
240
291
249
250
357
255
356
249
247
307
248
254
352
243
282
323
242
314
251
241
346
249
248
318
244
300
247
247
352
269
247
308
246
319
247
250
349
247
301
248
305
248
328
248
341
247
305
243
246
361
244
245
326
247
276
336
241
237
245
247
316
245
246
314
244
343
266
248
304
245
253
363
243
269
343
242
240
366
250
243
243
341
246
246
320
244
245
350
241
240
344
252
241
346
243
239
323
243
241
303
255
319
244
252
319
243
255
346
241
239
325
242
244
365
238
245
319
242
242
308
243
239
368
241
236
350
240
243
246
342
242
240
332
240
239
308
250
303
238
239
351
245
239
346
239
254
247
341
238
240
364
240
244
305
240
239
243
243
246
239
239
257
352
239
243
318
241
243
361
241
304
244
239
314
243
260
342
272
243
375
243
258
236
300
243
240
311
245
239
316
243
243
342
240
303
245
331
259
241
316
244
258
330
242
283
253
240
307
244
327
250
243
305
248
249
307
244
336
242
254
317
247
359
244
243
282
374
261
276
363
249
246
335
250
238
322
233
241
332
244
292
245
242
367
251
325
244
245
325
247
329
259
243
311
249
341
242
295
249
306
252
254
334
248
302
244
344
252
252
322
245
346
247
248
307
251
307
245
245
333
247
292
247
246
369
250
250
310
390
245
244
337
312
265
353
247
244
241
349
227
234
242
340
235
240
314
244
273
284
305
279
371
252
243
281
280
245
238
296
231
246
304
244
278
289
246
285
369
293
262
365
248
250
383
252
249
385
253
248
321
250
246
345
254
259
398
267
255
324
250
247
304
246
305
246
268
281
245
269
273
248
304
247
293
250
251
351
248
334
256
255
312
247
266
337
247
247
327
246
298
249
320
253
251
323
248
298
388
248
244
355
250
245
340
253
249
329
249
256
363
243
267
248
247
321
250
248
362
245
246
314
249
248
318
250
304
251
267
286
253
317
249
252
344
247
340
249
245
330
247
254
351
243
297
249
309
253
255
314
248
324
250
247
330
249
322
247
249
349
248
264
405
252
246
259
408
255
250
319
250
246
250
408
252
248
345
255
254
251
347
247
250
407
260
246
244
253
268
316
260
248
323
250
243
386
250
250
340
251
246
253
258
249
257
333
249
244
310
244
322
247
245
306
267
304
249
245
357
254
244
361
245
244
327
256
252
327
248
240
249
244
320
245
244
312
244
268
252
248
311
263
244
311
243
269
296
246
287
246
265
285
248
306
244
247
340
245
334
248
248
328
250
304
247
246
366
252
337
251
249
257
253
248
345
258
243
330
333
289
348
254
249
343
248
320
408
247
250
312
247
350
249
234
305
243
374
242
253
361
250
252
340
251
251
386
246
258
244
341
248
290
245
242
343
242
257
348
244
270
358
249
340
252
242
264
348
245
311
243
247
387
250
253
333
251
245
335
250
259
394
251
246
320
248
248
376
250
246
334
251
247
250
362
250
246
246
250
255
256
358
252
271
293
252
249
247
338
246
306
254
390
254
251
326
249
262
345
248
250
306
250
282
359
251
266
383
253
249
340
252
245
340
257
274
320
247
250
326
247
259
335
247
256
358
254
257
397
248
247
306
250
254
322
252
252
326
251
273
338
245
251
402
269
269
361
233
237
309
247
244
369
248
251
327
247
244
326
250
257
248
261
322
249
287
248
250
335
252
247
367
253
249
328
258
251
312
253
248
310
245
294
254
329
268
296
261
313
284
249
331
248
248
357
253
248
414
256
253
250
346
251
254
351
248
295
251
251
329
254
343
250
245
290
365
248
275
292
246
310
251
250
323
247
316
250
247
342
247
251
332
250
249
256
253
320
254
308
364
265
249
303
267
249
290
247
336
262
250
310
251
255
358
248
248
348
251
273
252
327
262
245
314
245
304
251
245
362
245
251
314
244
317
246
267
292
248
292
250
323
244
251
357
260
270
283
245
247
326
247
256
349
245
306
255
248
342
255
306
249
247
326
233
325
230
246
346
248
250
251
255
353
254
244
366
261
245
313
247
262
331
245
269
249
243
305
242
361
245
254
334
247
252
364
249
246
331
250
247
334
245
328
252
255
362
244
241
337
248
250
334
246
297
249
279
284
249
244
309
245
277
251
249
319
252
247
380
253
250
249
375
251
239
249
254
340
252
255
345
249
250
313
245
247
247
334
248
251
307
249
264
361
247
257
327
275
245
314
250
251
360
254
247
341
252
252
329
251
248
368
252
249
296
388
248
309
248
267
352
268
250
325
248
295
256
262
356
248
312
251
318
253
253
337
250
275
353
256
330
246
246
269
259
246
306
256
278
288
245
325
252
246
358
253
255
374
248
295
252
337
255
253
321
247
297
248
308
248
336
246
263
344
241
314
252
244
301
326
283
